6000 3750
173
82
138
104
121
46
32
33
68
10
90
128
95
136
90
96
34
15
196
44
79
148
44
22
51
71
24
99
132
108
83
67
147
45
124
123
21
82
68
60
4
94
176
3
189
170
168
82
20
131
159
9
185
180
79
26
39
116
53
51
23
133
101
159
126
23
181
50
13
166
76
151
147
136
41
184
171
42
33
80
102
142
80
1
148
75
82
166
165
98
85
104
29
17
38
71
192
18
76
167
189
118
69
53
56
9
62
49
139
94
55
196
84
172
148
80
53
101
11
52
141
15
85
114
82
172
123
130
99
170
192
153
165
66
91
183
73
27
144
140
13
33
27
72
44
89
20
56
69
157
18
92
8
24
26
175
34
155
171
84
85
132
150
169
102
101
32
19
82
164
8
27
156
70
40
109
187
13
70
193
152
67
61
142
152
101
146
141
40
116
150
117
56
61
56
81
83
58
170
143
57
2
174
104
149
191
135
137
184
117
187
22
85
178
132
18
71
8
17
2
154
90
178
166
15
90
170
95
15
159
27
130
43
127
136
150
93
156
192
161
165
9
157
123
128
128
33
78
129
38
10
75
41
169
188
167
24
8
90
59
21
40
123
26
91
58
178
157
42
181
125
114
16
56
36
146
133
56
38
86
58
93
166
176
149
151
89
74
139
168
127
85
67
133
141
125
85
131
33
70
150
75
36
147
113
95
60
185
133
43
35
167
170
4
2
127
74
147
76
139
169
105
19
74
54
40
47
82
114
111
61
2
23
167
136
182
58
19
64
54
92
104
140
97
133
159
115
64
132
14
51
138
56
93
101
45
56
162
93
73
48
177
71
23
181
34
144
3
67
19
70
55
83
22
47
65
164
122
140
95
125
183
150
100
60
122
145
130
67
91
126
95
125
191
6
115
33
118
115
100
15
113
196
113
144
195
56
34
47
36
81
134
23
198
148
65
27
170
162
60
88
15
135
176
92
174
130
92
16
132
32
46
8
40
80
13
187
38
156
64
66
111
83
31
11
192
73
126
44
141
88
63
156
55
12
199
177
20
21
170
66
164
19
115
4
35
126
182
119
135
78
189
14
99
193
177
132
105
165
100
101
4
49
74
44
169
90
152
29
80
36
167
17
186
197
102
93
168
27
175
66
91
8
108
64
98
49
58
62
35
68
72
54
121
69
63
116
144
71
35
144
174
153
39
100
110
172
28
101
91
85
163
79
190
34
10
195
140
11
146
120
33
91
194
12
163
113
96
118
135
186
148
98
192
32
92
138
169
8
153
126
22
156
170
149
105
193
64
87
59
67
175
133
125
114
112
84
158
28
137
197
76
110
165
105
136
66
86
159
142
72
27
133
57
20
99
76
120
45
107
170
49
9
59
68
12
15
172
78
119
9
179
142
71
156
50
111
191
66
14
40
107
105
145
187
41
42
77
105
15
36
163
114
120
167
148
67
51
98
93
121
93
9
40
133
92
85
62
101
170
188
85
55
32
68
63
143
64
72
28
169
138
68
63
84
45
66
22
104
8
182
60
93
172
93
146
99
66
12
95
156
180
175
134
27
150
109
82
53
104
6
4
179
71
124
182
26
145
155
89
27
63
158
94
188
128
191
82
138
121
164
78
52
176
72
189
163
133
37
133
136
183
168
199
3
178
81
23
49
110
120
153
110
123
69
93
22
82
146
99
158
27
144
132
140
128
152
3
199
134
20
93
109
23
152
43
95
158
91
10
47
169
34
29
1
11
167
128
108
178
167
81
187
138
174
110
40
37
60
75
27
78
24
115
91
28
45
88
170
27
197
64
190
136
52
189
192
115
131
130
160
24
95
21
166
138
106
171
48
43
3
58
99
17
183
169
145
119
137
173
165
79
158
82
181
104
90
51
86
185
117
124
106
129
114
3
183
4
148
152
122
74
41
127
24
139
164
174
152
82
45
74
177
157
164
82
66
14
40
62
48
55
85
62
126
78
152
169
103
180
186
141
171
185
51
92
39
31
58
42
140
116
98
4
141
43
146
148
165
32
137
169
164
86
105
67
189
178
2
145
186
194
71
172
96
103
103
192
107
73
43
35
155
197
122
131
156
81
121
83
132
5
5
71
44
17
177
85
80
183
102
60
30
113
55
146
46
126
108
38
140
154
42
92
188
102
14
166
163
173
110
108
57
118
14
182
189
199
128
79
125
18
112
123
170
183
6
43
143
176
86
31
172
83
143
177
163
113
82
141
4
11
122
107
73
194
3
112
99
72
156
46
197
30
113
122
42
118
121
6
97
171
24
187
87
80
136
174
174
36
19
77
117
187
76
115
96
6
50
176
180
94
143
71
21
40
33
143
170
22
136
45
191
77
44
32
187
134
20
193
58
29
137
64
54
80
128
11
153
197
26
36
69
145
26
4
29
153
167
47
47
192
4
152
99
174
85
41
143
44
128
161
186
56
118
151
156
79
18
140
112
23
189
172
196
101
176
46
51
41
4
34
167
172
146
66
26
185
165
79
194
88
67
109
70
64
50
13
27
75
48
149
135
27
135
25
3
31
156
198
197
39
190
102
41
94
193
14
109
53
126
170
114
138
145
25
155
81
103
132
51
163
20
176
193
55
99
141
37
122
63
194
30
167
82
156
98
165
69
175
70
37
103
174
148
77
35
197
81
111
69
122
128
24
147
34
20
14
109
185
195
53
176
186
189
132
141
147
57
189
127
190
12
127
62
15
60
45
28
116
20
101
60
126
54
141
67
6
20
48
136
84
56
83
180
18
60
116
184
17
136
88
141
92
184
78
110
1
161
132
173
174
185
192
166
94
192
51
133
49
65
135
127
9
53
43
134
128
147
45
154
143
60
12
179
132
160
168
141
175
31
67
45
88
74
161
98
63
117
86
25
10
183
136
151
2
160
132
39
141
144
181
53
117
177
30
115
174
14
34
134
25
109
157
18
198
90
40
135
91
145
71
12
61
21
145
160
124
60
178
172
28
130
1
32
49
14
127
110
44
47
124
50
83
152
1
101
27
118
152
111
121
197
147
196
73
170
192
97
33
70
190
114
35
62
106
95
109
126
169
185
163
129
91
45
22
22
128
109
20
44
134
6
108
67
51
31
183
4
159
79
22
31
78
173
57
10
15
22
47
106
192
101
149
167
148
191
106
103
175
51
42
83
77
188
136
185
7
168
11
75
111
105
166
91
164
132
52
117
187
12
7
107
63
114
52
34
57
141
119
60
124
80
28
108
37
138
154
89
38
71
3
47
11
171
194
87
134
58
3
16
139
188
115
163
45
135
21
162
137
103
129
66
50
151
151
32
77
59
55
26
178
163
80
117
9
159
96
91
120
164
99
198
138
103
121
136
165
64
63
101
117
191
151
135
142
137
197
60
20
163
10
76
4
176
38
175
109
197
155
86
40
129
42
172
4
130
128
146
30
16
66
14
195
153
109
186
12
145
174
72
161
36
72
157
154
24
194
161
65
145
27
167
109
177
62
187
150
179
131
12
10
51
30
5
97
196
80
51
68
52
164
163
24
83
124
4
58
84
18
180
136
166
82
85
188
98
104
18
92
121
37
33
14
162
63
111
7
67
61
157
143
144
94
13
180
63
144
27
53
59
129
66
161
151
76
43
169
144
17
199
93
62
158
146
16
131
150
61
21
14
196
191
24
61
37
191
73
69
104
125
154
78
165
34
192
170
72
62
86
20
141
62
51
61
65
81
185
147
197
49
113
83
7
40
62
138
42
101
115
85
170
100
41
91
45
16
97
125
154
45
60
88
175
1
72
135
141
162
195
155
7
125
72
55
12
72
71
125
171
54
128
170
147
2
49
42
22
159
17
49
183
60
192
152
189
26
108
6
167
127
196
79
105
159
78
46
29
185
79
173
144
172
154
100
117
90
140
173
152
31
113
181
146
146
172
146
132
119
66
186
163
66
157
45
58
49
66
188
124
4
14
37
80
43
105
12
106
92
36
100
85
134
53
137
14
15
133
159
187
131
113
109
119
93
10
79
15
109
43
68
24
152
50
149
17
77
102
103
42
160
41
40
83
166
101
30
13
20
32
43
116
107
2
192
90
104
117
186
34
27
197
197
50
168
76
133
85
104
120
136
113
30
117
27
91
73
26
153
192
180
66
194
78
1
151
117
150
58
59
113
160
115
70
16
163
43
190
115
91
167
145
108
100
95
129
87
189
174
101
18
78
164
194
53
160
3
119
50
17
158
182
27
46
8
176
198
159
102
64
48
82
111
62
25
35
157
95
182
71
65
128
176
157
41
36
196
120
17
55
161
124
141
98
133
184
118
63
92
119
131
127
88
111
53
135
167
102
169
19
4
107
136
179
152
30
7
70
5
172
180
78
143
47
102
124
141
13
129
41
117
95
3
64
139
137
41
66
104
106
69
94
151
198
52
54
187
161
145
103
178
48
58
120
138
54
184
41
9
128
193
154
173
129
101
108
104
73
40
16
189
141
166
99
103
86
126
144
195
49
137
179
68
26
63
69
37
82
125
85
153
199
57
176
112
114
120
23
98
143
149
115
122
130
113
38
82
158
17
53
127
40
45
159
190
14
87
148
66
32
71
22
147
155
62
190
84
190
187
189
166
104
47
52
100
23
58
137
112
26
187
79
66
73
157
113
154
98
185
98
28
172
156
66
72
127
168
167
69
123
153
92
171
28
87
24
193
193
60
168
156
149
36
41
45
192
156
74
197
148
36
185
5
89
161
193
147
180
180
172
55
91
69
189
72
95
107
38
186
134
120
161
38
17
142
78
137
116
22
80
170
94
169
120
88
168
87
82
67
93
76
13
14
87
113
65
81
46
168
149
85
119
87
63
29
74
148
188
147
83
57
32
159
100
3
160
121
149
102
104
9
26
170
93
58
107
148
150
104
77
197
91
147
73
194
51
7
107
91
14
20
99
135
183
37
44
54
113
85
152
143
132
144
65
140
60
148
194
5
121
126
197
84
70
86
165
85
87
106
151
154
15
58
88
84
109
90
187
57
15
54
36
65
151
134
66
146
82
132
134
103
13
102
170
88
23
15
65
97
71
159
167
7
134
198
128
74
57
181
32
169
161
138
190
67
90
132
133
136
21
20
3
154
171
49
141
113
87
1
61
95
26
91
185
55
87
29
131
152
6
191
90
101
101
165
142
75
111
104
197
91
81
128
76
52
157
13
36
86
57
16
187
56
120
136
144
71
152
136
180
62
2
181
131
30
129
101
54
6
107
67
3
183
4
170
14
97
15
133
98
75
192
45
95
189
4
35
181
164
22
72
122
175
124
135
90
100
197
47
122
56
158
30
179
190
14
4
52
149
123
47
56
20
39
105
69
156
86
141
26
95
120
90
184
35
144
28
60
68
81
113
100
167
11
43
116
163
66
105
176
199
182
32
42
174
16
103
137
19
66
133
15
56
21
28
135
69
45
144
46
185
144
184
69
10
147
89
9
195
188
106
91
180
164
26
113
89
49
11
20
42
91
42
2
147
99
44
147
183
107
48
118
121
60
191
56
197
163
32
28
126
95
141
30
160
43
34
92
194
114
47
20
35
124
4
95
103
182
121
110
103
142
25
89
140
188
169
121
173
170
115
125
17
182
93
147
149
12
42
105
65
152
152
70
61
29
83
196
56
96
153
16
42
121
124
184
70
52
89
172
74
113
118
25
199
121
4
52
31
57
145
91
140
17
46
151
189
155
28
112
105
172
65
78
17
99
84
95
58
108
77
98
122
70
32
151
34
128
71
140
25
32
165
198
150
63
75
26
76
173
195
115
24
177
68
101
48
41
9
100
38
108
194
123
180
48
169
71
184
94
117
62
85
88
87
74
7
67
128
154
25
58
19
85
113
162
74
145
3
130
103
193
120
170
102
117
37
43
19
102
94
4
41
181
57
134
31
136
90
193
94
181
113
54
75
179
89
110
10
19
174
25
69
54
190
124
142
114
185
170
37
164
49
26
61
21
17
38
28
179
131
138
55
9
37
122
81
66
95
123
28
127
34
1
127
70
135
186
190
133
191
116
150
120
157
130
133
87
193
55
162
52
82
30
87
37
169
61
18
69
44
77
19
63
143
109
130
49
98
191
86
30
47
95
187
16
188
135
51
107
189
193
72
41
160
175
46
4
113
91
100
74
169
122
89
115
98
87
176
49
199
85
188
3
169
133
6
186
43
72
49
35
10
111
80
50
5
178
103
167
63
127
135
8
91
12
61
125
6
73
117
101
158
3
107
105
6
70
71
28
170
60
161
42
43
65
65
59
43
40
111
120
184
10
185
73
150
181
111
158
72
80
180
169
154
147
77
7
4
175
45
135
107
76
196
4
166
93
164
27
146
3
83
166
162
197
117
148
18
34
154
24
158
113
155
90
79
191
88
95
188
59
55
67
195
175
14
108
13
182
107
57
17
85
12
70
197
15
8
156
30
128
188
170
21
21
176
193
120
107
124
174
5
69
39
88
148
16
170
186
184
9
135
36
127
98
7
74
102
86
92
65
184
131
65
60
70
85
47
174
199
21
188
106
58
132
53
148
47
123
122
182
44
21
172
22
192
153
43
123
15
102
91
35
15
60
190
73
5
178
19
64
168
196
187
164
21
30
178
194
45
59
28
178
163
109
21
163
159
44
67
116
42
124
160
97
129
153
92
197
142
179
143
68
105
58
15
48
34
9
1
163
175
48
78
156
75
113
71
105
40
28
114
160
112
102
22
45
36
90
35
67
138
180
53
66
115
159
74
106
95
172
129
150
43
103
140
193
47
5
22
16
83
186
158
115
65
183
155
3
37
170
12
143
173
133
26
195
195
12
41
115
40
165
10
67
98
164
117
9
162
29
198
32
69
19
184
151
22
138
1
132
4
71
69
125
160
185
176
110
78
145
197
35
163
107
176
117
176
92
17
101
66
147
41
9
171
179
75
154
149
75
174
58
11
109
111
168
96
85
106
113
187
8
131
17
31
164
69
162
42
68
174
129
121
100
66
57
31
61
153
181
111
22
160
3
170
140
24
55
195
9
22
92
186
104
113
58
16
24
178
8
111
113
112
82
100
45
136
111
43
54
137
35
131
125
2
165
47
129
46
90
140
14
166
34
47
82
143
18
187
9
42
7
83
146
70
197
110
79
102
125
4
113
13
141
72
186
161
62
102
147
11
87
178
88
67
97
146
79
35
19
102
118
123
34
13
130
152
185
55
5
56
167
27
120
86
28
2
25
161
61
121
82
116
41
197
155
29
195
79
173
51
31
44
84
24
86
189
178
129
141
34
176
7
98
91
44
61
58
2
40
95
121
117
174
98
21
3
83
37
57
102
157
107
82
153
26
123
142
97
1
39
24
96
21
27
144
75
19
149
154
95
171
193
40
78
129
114
69
186
3
83
107
141
73
40
77
70
125
145
66
120
118
160
2
1
72
26
97
148
153
145
184
133
83
162
130
164
68
4
24
112
54
155
94
117
131
82
24
181
150
75
150
74
83
35
176
11
192
39
7
104
17
121
34
57
99
173
59
110
109
113
2
121
121
154
66
163
67
84
70
189
3
115
198
78
195
111
51
49
185
120
172
29
197
120
95
133
121
38
19
158
24
113
72
38
73
30
152
128
168
13
144
108
168
17
101
102
123
156
62
187
123
11
124
189
141
173
123
2
60
132
42
30
65
112
166
89
43
161
5
165
158
122
80
172
176
64
61
180
19
192
11
165
175
31
35
13
188
83
97
100
107
151
69
36
171
115
44
57
51
12
59
161
151
97
29
1
131
152
13
77
113
142
182
68
122
76
54
34
77
153
101
160
65
104
59
8
54
44
2
62
21
4
130
7
134
49
14
79
2
35
82
37
70
20
187
164
168
2
114
95
61
10
180
97
111
99
97
48
38
22
147
87
150
151
57
109
13
175
133
74
63
175
32
42
72
64
90
45
116
95
40
53
130
106
1
11
23
33
96
36
151
166
41
180
88
194
86
118
162
79
151
192
68
41
33
85
177
138
25
47
9
52
131
143
182
94
157
44
151
46
87
180
80
98
122
96
135
52
154
78
178
171
82
38
144
47
185
90
74
116
34
84
8
50
27
99
35
97
198
193
37
43
167
116
192
170
113
169
119
136
149
126
184
147
69
38
169
93
199
135
109
68
170
36
13
3
172
30
71
23
62
39
53
160
41
135
4
166
46
173
133
16
170
137
166
107
100
61
181
189
130
141
97
63
85
169
72
132
104
189
198
83
99
96
75
111
73
24
106
133
34
4
47
27
2
94
97
34
69
106
102
111
49
82
93
120
141
189
76
72
64
71
62
56
174
51
117
75
62
55
35
76
155
49
155
126
94
71
62
191
72
39
63
198
88
87
35
17
4
155
169
83
148
35
69
162
141
191
52
151
177
23
171
15
71
27
156
1
126
166
26
71
128
85
199
25
8
64
168
87
16
100
71
107
85
151
127
121
179
193
184
103
19
110
14
50
68
49
127
62
131
34
90
37
130
99
155