7890
391
452
122
192
235
135
357
324
279
150
395
229
423
486
81
94
419
457
30
277
476
255
499
82
436
23
263
164
158
359
259
27
109
469
327
396
65
167
479
252
88
319
388
150
204
167
467
337
48
427
297
210
489
178
280
137
452
40
256
212
372
194
167
420
390
369
121
454
159
185
30
253
477
278
189
157
366
350
378
269
55
426
116
230
62
49
38
430
190
191
443
25
411
267
380
394
153
467
259
335
46
14
178
363
398
45
232
212
489
123
270
103
162
486
158
446
78
436
358
341
332
190
264
468
241
5
341
210
397
295
5
398
92
44
224
42
248
252
332
18
316
325
441
68
420
341
363
425
110
434
316
216
110
417
3
356
249
210
123
393
203
23
314
194
118
371
12
118
263
116
198
326
104
340
25
7
248
197
49
399
142
416
100
463
479
288
289
174
41
367
292
38
130
439
314
294
12
247
449
49
330
245
163
493
236
490
113
269
392
496
108
53
162
223
252
287
422
351
215
329
83
337
78
395
324
161
196
164
27
231
494
2
247
499
70
396
253
106
228
489
176
20
281
44
259
240
376
407
188
27
372
161
33
120
465
493
167
267
170
76
294
448
243
162
2
107
305
162
154
355
35
316
124
226
154
64
56
34
136
84
284
288
476
1
358
334
468
127
34
77
229
485
436
152
195
227
277
120
43
152
435
214
254
333
492
56
37
307
466
402
437
133
131
86
291
6
472
243
304
167
139
178
128
78
126
49
380
471
31
427
287
436
491
484
149
70
35
144
8
302
298
162
161
132
139
96
354
350
361
189
255
34
316
375
14
257
86
177
207
443
176
66
276
40
116
2
142
147
436
221
470
328
235
2
369
476
17
496
438
30
194
30
111
341
172
253
121
117
470
391
483
358
436
65
126
232
385
122
17
137
454
207
413
140
219
426
299
314
6
38
241
90
238
178
249
147
455
435
367
362
381
25
177
45
237
113
391
170
375
137
92
394
480
301
75
487
116
470
123
246
454
306
111
433
151
394
121
259
315
479
277
450
255
154
256
429
31
369
402
106
35
129
439
368
445
346
109
436
103
262
32
484
312
121
408
76
414
244
394
343
491
132
354
396
360
141
140
326
46
145
456
247
68
17
211
325
367
242
487
304
286
184
157
54
448
292
138
134
246
181
16
287
474
60
115
402
274
43
9
305
207
282
391
457
305
284
416
296
410
83
208
172
256
90
57
308
475
301
448
68
4
6
81
364
129
170
272
9
402
308
51
324
234
183
98
4
293
199
248
164
375
341
224
163
472
344
31
385
3
307
427
473
95
440
301
201
201
27
328
136
13
408
394
103
33
384
438
74
491
54
15
276
53
284
192
162
282
418
392
285
140
387
6
96
380
78
229
293
381
397
302
266
370
113
152
467
447
122
131
89
405
457
393
448
292
151
420
310
249
139
419
283
135
44
496
125
403
298
222
454
155
146
192
95
252
249
406
439
133
225
214
161
288
304
380
183
494
57
303
230
157
419
45
243
478
20
131
327
117
27
65
150
399
176
433
260
265
298
197
43
245
481
177
24
424
258
494
331
163
313
131
346
495
491
297
236
102
449
117
233
118
79
323
107
161
65
261
113
370
121
417
196
360
260
485
176
242
21
318
220
25
300
165
303
395
218
154
408
379
197
158
316
181
464
425
166
158
71
362
360
496
382
460
43
396
434
486
235
7
121
494
81
131
397
208
318
414
20
211
442
410
353
234
174
462
102
16
395
335
319
18
172
158
458
223
143
339
122
407
461
232
419
401
258
203
77
185
284
257
107
252
139
359
420
449
144
149
287
81
295
419
91
399
188
103
322
423
173
174
65
479
292
112
250
210
491
451
475
470
385
416
231
139
228
67
379
312
238
9
80
494
52
42
113
42
142
21
213
155
380
154
12
111
193
128
459
27
110
210
458
192
173
317
195
378
189
452
171
121
224
11
185
164
95
70
427
251
499
208
69
470
239
321
91
231
404
121
446
101
107
352
203
28
51
387
322
235
347
234
353
190
349
92
430
370
468
348
16
123
200
209
27
401
142
487
453
351
227
463
474
68
6
71
15
371
307
158
113
207
248
193
404
266
355
378
122
147
390
220
262
57
105
323
400
398
326
302
386
64
434
470
9
383
260
286
184
278
78
60
63
311
235
309
374
8
305
261
47
263
365
307
461
7
201
417
462
182
171
116
46
6
272
50
273
277
185
21
6
69
195
344
69
331
158
451
321
296
448
392
93
65
255
123
198
128
10
3
182
342
323
2
107
461
14
58
40
186
37
98
323
284
256
477
69
22
239
130
348
250
97
167
234
279
23
481
250
149
352
145
268
182
339
164
246
193
237
107
317
101
412
136
260
351
69
309
309
278
54
176
389
379
154
432
246
157
268
328
439
33
307
390
333
391
330
141
445
92
231
376
285
132
313
248
338
460
407
382
210
214
172
472
96
176
256
388
29
407
417
90
424
409
168
284
293
22
302
368
22
428
364
217
47
178
391
257
67
405
94
285
249
386
119
225
360
335
294
158
135
441
113
39
175
142
451
375
464
29
454
316
159
39
360
282
350
455
425
418
284
499
321
123
313
133
340
39
291
442
423
458
227
144
234
80
315
325
43
404
226
16
292
38
451
277
127
211
26
337
375
405
409
376
374
135
121
489
225
42
301
412
85
22
106
496
89
15
304
280
466
25
413
22
192
268
208
284
172
36
7
129
13
454
68
19
50
351
270
99
459
325
101
1
104
314
431
270
432
454
189
113
406
246
370
350
491
388
185
106
427
337
318
189
36
172
399
131
454
88
446
238
244
206
321
141
424
412
418
378
337
437
351
217
347
394
223
267
84
217
27
162
166
165
171
123
8
411
465
431
414
300
316
344
9
450
368
201
424
230
426
79
470
307
268
490
485
101
342
142
449
133
48
237
61
285
73
80
35
198
133
13
447
487
463
38
121
8
209
397
26
22
342
354
290
447
192
358
396
181
138
406
69
324
481
281
253
79
283
223
377
289
167
227
97
414
132
483
343
231
369
478
392
445
116
428
290
194
447
114
94
214
184
353
61
226
443
123
6
183
285
43
224
485
20
237
355
116
257
376
315
209
16
165
311
160
15
124
208
54
491
59
132
170
130
164
105
313
167
370
470
10
477
161
446
327
255
406
426
379
73
174
436
71
298
385
199
19
43
401
212
320
414
452
191
226
411
54
356
355
132
43
449
386
405
306
231
354
219
484
404
109
198
329
480
317
122
61
371
245
464
87
271
265
159
151
95
25
470
220
415
201
50
71
247
30
225
51
165
492
154
344
299
58
496
103
122
86
471
373
104
351
183
112
390
45
272
184
228
255
212
207
384
499
70
204
59
128
82
451
92
72
395
379
91
121
287
213
269
56
29
10
54
97
116
65
19
438
180
202
258
42
323
410
280
447
460
300
488
292
45
494
4
21
281
33
455
303
21
270
258
59
414
172
226
203
153
287
383
5
186
121
447
380
194
51
249
484
99
144
160
486
225
477
12
35
7
33
315
84
110
215
418
409
444
199
127
152
184
78
294
173
417
483
106
424
47
124
327
231
284
470
205
376
111
271
334
437
160
191
196
121
471
300
395
471
202
39
435
494
423
97
300
21
350
486
70
241
371
88
488
382
206
85
299
139
10
42
299
174
364
190
491
493
381
174
202
117
89
135
222
8
188
332
307
187
170
184
27
124
201
94
67
72
203
313
414
386
1
256
461
161
240
262
131
234
106
307
139
176
285
453
152
237
366
480
195
374
278
113
468
326
15
175
472
271
124
419
290
68
259
315
116
332
173
61
268
426
202
74
82
362
46
350
339
248
441
329
206
223
119
41
109
388
288
136
146
66
289
359
110
186
18
71
416
469
337
319
64
305
212
269
173
204
32
106
280
164
335
225
330
294
214
68
449
219
206
227
45
37
415
203
137
342
463
395
345
474
434
369
410
122
265
400
11
350
368
404
357
183
355
481
230
65
30
316
471
450
122
198
264
111
275
28
390
10
132
330
241
136
260
306
230
465
315
208
29
314
57
100
351
301
369
362
181
433
472
73
312
148
424
395
353
237
106
299
346
238
10
2
218
38
164
222
422
50
252
265
249
322
287
158
393
23
346
462
241
413
346
457
37
60
19
93
212
365
453
493
359
16
361
290
305
56
381
314
137
148
440
132
182
208
323
490
360
267
3
330
390
144
59
433
392
52
464
159
20
72
11
57
96
258
406
234
460
496
353
338
141
33
325
94
473
214
276
329
237
28
232
444
363
123
104
215
457
428
398
253
91
223
294
66
137
383
36
423
302
89
30
364
414
165
189
357
319
465
459
178
276
136
422
491
339
66
194
473
155
191
277
33
99
100
247
418
238
260
456
91
178
352
28
148
498
368
31
199
433
246
396
491
468
220
476
455
300
303
226
72
189
63
269
111
312
496
265
314
417
271
119
60
9
369
1
424
109
275
493
471
35
495
40
408
294
285
65
379
124
292
118
435
34
385
401
116
84
416
335
2
103
217
281
163
127
337
483
99
220
53
347
26
310
254
37
194
23
360
317
28
432
385
190
125
153
184
26
124
468
384
340
192
439
492
368
317
214
377
282
456
302
466
160
72
445
93
126
279
349
207
93
223
99
308
69
217
28
156
11
443
312
359
130
335
212
155
87
317
386
219
480
146
78
361
226
466
226
119
180
61
58
246
275
262
292
117
94
132
423
151
290
58
366
339
144
442
336
324
359
291
7
308
393
130
226
446
145
237
83
103
491
408
476
450
385
66
85
368
43
95
62
454
394
235
428
423
279
239
218
283
131
401
260
389
55
250
353
145
36
345
471
356
50
320
160
382
81
416
453
78
357
467
281
264
229
52
413
159
202
302
167
406
20
299
472
90
149
88
396
136
213
440
333
198
123
205
404
75
76
46
343
363
286
140
426
163
121
495
160
3
336
194
443
233
178
66
336
251
348
71
234
493
21
318
365
417
134
84
141
24
147
339
84
156
459
304
121
380
373
309
469
153
427
393
300
19
496
100
20
58
369
154
226
6
312
349
342
467
275
9
29
37
354
136
355
496
111
288
273
374
445
456
378
39
101
81
66
127
19
346
420
35
65
84
155
493
114
78
343
111
462
153
105
364
280
432
298
292
38
303
407
209
327
146
112
412
276
187
404
231
284
215
449
429
89
494
472
271
480
362
383
33
444
163
411
293
351
15
259
168
282
274
89
215
438
211
207
418
471
243
218
426
174
112
327
247
203
176
275
285
460
28
311
176
420
374
264
165
234
319
62
261
428
236
448
10
126
235
490
377
288
54
299
238
145
456
359
332
336
165
90
175
239
473
208
255
463
413
294
64
447
43
185
153
182
456
498
438
164
317
121
467
185
398
497
407
229
73
32
464
16
432
328
69
229
386
23
454
29
194
47
213
440
427
430
245
368
146
57
189
458
421
169
19
44
123
489
341
475
301
26
390
382
330
49
15
214
116
424
295
433
44
409
469
271
408
27
258
467
253
39
84
16
342
6
95
263
310
25
107
396
182
478
228
169
156
331
111
379
415
31
252
222
261
255
415
12
200
248
136
96
232
373
223
262
441
374
40
325
453
252
404
91
317
399
252
65
182
301
115
77
416
379
53
222
286
362
255
88
91
83
64
63
389
11
165
308
256
465
227
281
291
286
425
164
127
161
404
361
4
350
329
399
133
59
179
352
321
2
476
80
120
452
234
371
189
341
202
306
235
443
309
217
74
333
286
131
454
389
95
125
457
393
84
240
254
165
429
330
332
312
487
254
489
148
162
339
52
55
474
285
459
98
127
60
42
113
325
299
273
49
397
432
406
351
122
227
368
493
118
25
412
372
474
423
456
55
227
426
172
447
79
400
414
310
166
360
267
25
198
141
339
131
57
284
414
56
348
138
26
434
470
58
437
450
373
87
123
204
104
487
386
399
128
326
469
497
18
97
186
261
460
344
296
476
185
281
315
191
9
400
206
89
400
237
476
22
463
463
436
79
237
63
420
211
255
440
4
231
314
417
38
251
452
264
474
126
262
460
266
92
271
432
195
203
281
297
498
390
349
448
35
55
160
107
24
397
424
85
222
245
278
85
376
91
363
455
137
137
263
350
259
4
198
345
308
305
368
218
429
457
442
113
381
366
383
483
92
346
240
78
202
177
238
21
313
186
56
104
339
326
161
361
128
498
189
32
357
315
299
219
30
206
156
264
303
166
204
11
208
380
364
290
396
185
149
82
265
177
32
122
250
264
378
104
297
81
485
382
177
352
127
276
47
22
48
495
22
473
218
148
482
45
396
459
462
370
464
442
350
108
266
180
284
177
468
266
328
52
467
223
180
322
334
356
254
88
243
375
138
153
60
291
458
383
140
206
367
418
142
426
116
44
32
69
86
446
492
370
53
282
168
470
7
495
468
160
210
40
206
374
127
90
305
198
48
475
222
400
38
263
398
409
410
42
107
137
291
265
270
307
96
373
322
355
484
90
285
463
415
479
495
327
213
267
300
27
239
334
21
111
225
93
332
290
383
259
60
464
388
331
369
445
270
398
279
253
267
449
213
458
191
259
484
58
268
71
197
144
242
81
398
456
244
160
83
4
41
33
471
226
31
320
75
85
111
50
58
314
488
47
259
289
121
63
420
466
108
275
23
313
63
416
223
308
433
412
201
110
316
275
212
234
477
486
428
370
184
400
447
218
14
382
155
195
322
109
335
182
240
117
395
266
11
159
164
115
97
267
151
198
349
448
498
213
334
25
311
135
135
50
282
208
328
304
299
181
261
28
485
324
77
20
369
199
380
446
224
318
323
314
273
417
249
249
369
65
383
442
361
297
297
201
47
191
334
187
438
206
360
483
353
69
281
326
121
329
79
299
333
388
301
493
311
321
276
365
459
79
435
234
297
319
167
189
28
376
473
179
365
193
8
18
458
340
460
204
137
422
128
40
486
84
109
473
495
304
390
226
414
469
228
359
271
126
186
35
402
92
299
245
356
399
434
140
380
284
35
471
360
72
228
37
451
395
248
214
210
193
193
223
486
248
265
395
465
149
246
333
154
426
302
45
124
383
184
87
149
469
93
212
270
418
365
342
241
192
408
376
377
471
324
209
399
76
259
109
135
39
175
232
38
201
317
434
270
184
412
68
212
161
66
240
101
481
453
68
383
423
155
273
240
370
455
183
102
93
145
48
125
75
452
110
295
361
174
69
101
430
72
58
279
340
164
217
406
85
109
418
123
191
226
212
384
401
492
168
245
135
333
178
39
364
443
137
208
455
445
240
307
385
467
452
351
97
493
399
206
239
276
18
483
227
425
433
349
241
225
394
369
7
323
465
97
394
19
415
397
28
9
450
139
369
112
237
223
273
360
287
407
93
461
7
359
316
194
311
438
10
287
467
230
52
370
300
62
2
356
457
79
79
3
179
231
325
378
115
116
189
210
77
380
437
486
276
46
317
107
281
200
207
476
387
240
42
221
88
498
311
175
221
417
403
209
328
91
282
276
34
437
80
196
250
299
211
87
292
65
95
254
245
395
75
257
371
103
115
439
189
105
290
116
304
14
489
160
477
229
158
186
264
42
73
343
121
12
226
89
30
454
428
24
404
57
430
326
342
146
337
226
475
343
87
428
147
463
391
237
310
52
110
64
406
408
490
204
322
232
137
360
376
27
409
235
177
267
212
247
84
163
317
331
391
432
211
420
454
145
196
157
120
489
278
478
345
364
118
495
67
226
4
111
10
477
350
448
433
352
251
380
252
144
154
147
234
278
173
474
198
70
249
178
36
480
241
387
249
431
389
312
150
216
181
357
160
207
321
414
82
262
487
103
393
316
404
475
335
131
244
67
192
143
298
496
476
325
76
29
237
462
200
3
462
438
231
37
463
296
486
28
457
259
392
436
83
147
285
220
77
265
52
118
187
322
121
7
417
184
380
335
131
292
177
120
62
484
140
454
85
367
13
40
144
217
110
433
251
362
413
330
41
355
452
471
411
83
315
141
318
224
119
279
415
152
396
165
82
273
374
99
7
330
135
209
252
13
473
469
212
188
256
56
270
51
295
276
340
206
208
478
169
499
137
361
249
233
124
492
321
445
352
477
487
315
324
210
221
244
219
399
109
345
428
131
468
63
9
365
357
121
325
376
65
396
429
7
194
274
460
19
388
481
149
267
336
278
69
455
226
86
55
96
486
309
369
323
72
6
392
186
225
259
135
200
121
476
413
92
386
317
16
446
284
201
11
128
197
162
295
190
494
54
139
272
66
229
389
255
27
106
435
188
381
275
294
130
346
448
146
360
365
477
70
408
70
109
312
286
298
242
127
409
211
203
191
171
120
363
135
392
87
158
65
280
382
327
66
9
406
381
281
248
16
434
324
18
484
230
202
457
416
104
456
284
479
26
476
179
84
123
10
483
314
254
273
208
412
290
27
243
44
303
379
416
460
379
393
276
379
174
187
389
161
178
475
482
201
281
300
356
350
387
425
283
372
298
433
262
161
117
105
195
204
459
414
113
225
41
323
101
132
200
299
409
436
120
322
137
279
291
7
132
489
170
392
156
378
97
45
163
445
132
116
262
69
492
186
202
263
362
258
161
457
200
225
150
88
16
346
252
476
297
483
370
110
473
205
35
67
258
235
128
495
161
155
1
85
38
340
444
434
120
373
416
34
346
175
290
445
243
69
362
250
292
187
148
149
245
153
96
287
151
136
6
127
130
165
296
45
224
65
51
176
402
318
356
424
67
336
264
299
415
90
324
189
373
377
203
474
8
352
340
384
245
157
283
484
367
289
404
181
378
245
221
178
19
187
347
474
330
224
82
409
389
297
372
62
312
317
254
252
461
322
38
372
225
166
430
246
35
372
57
277
432
83
420
170
368
146
170
187
31
229
145
283
270
430
495
447
285
222
172
51
36
152
219
56
208
348
453
353
256
102
439
457
167
304
477
306
376
202
193
167
147
68
222
233
178
254
102
294
171
483
460
313
200
7
242
280
363
364
462
21
192
317
430
428
289
187
117
466
453
189
71
84
29
6
404
467
430
486
378
453
247
159
182
272
141
127
258
160
63
198
443
12
239
173
474
329
137
294
443
491
137
136
341
481
412
377
284
194
103
274
350
377
486
10
273
34
135
158
287
163
428
457
404
255
246
60
344
356
32
75
331
137
43
387
316
111
317
200
360
263
343
64
58
288
348
66
26
230
399
440
194
479
7
281
63
180
232
86
236
353
34
427
163
28
443
213
334
99
193
163
216
434
298
25
319
365
399
116
407
180
34
115
456
91
380
352
130
262
325
136
379
231
464
8
230
415
401
30
345
135
232
427
37
237
225
260
181
481
461
197
281
116
178
57
319
419
471
72
147
92
83
73
274
57
283
484
470
291
294
404
463
370
271
273
448
107
78
220
366
121
171
149
301
128
355
264
53
407
188
310
444
330
382
253
52
159
153
480
454
240
289
390
188
57
234
410
344
405
109
213
341
251
205
27
421
434
272
146
202
20
431
64
103
483
460
134
487
18
222
289
453
98
266
126
332
280
460
244
394
445
419
148
299
474
469
193
125
356
332
117
387
8
279
434
308
226
287
204
97
100
422
326
183
320
259
244
485
80
194
141
473
28
252
256
101
283
265
129
15
267
10
132
186
106
401
446
319
331
317
107
492
257
147
294
23
93
465
478
216
225
207
46
162
192
143
359
255
23
334
26
461
159
189
329
91
291
141
77
418
313
425
155
262
88
148
217
381
457
234
9
318
286
413
290
60
463
469
494
463
42
191
297
496
292
146
334
69
317
204
231
451
388
61
402
300
53
284
75
44
426
478
298
288
326
207
175
246
398
270
127
321
147
114
376
122
129
158
469
442
314
148
64
253
3
57
429
225
11
490
8
180
395
450
38
63
393
9
171
86
470
88
170
48
77
410
305
274
184
281
171
394
315
133
230
278
415
45
285
269
277
450
236
408
262
447
426
196
77
314
229
120
486
383
471
226
477
16
177
93
251
156
42
229
319
114
365
262
221
259
148
348
224
401
308
21
352
262
286
129
484
110
198
370
53
52
407
431
161
5
301
399
368
193
19
122
408
7
90
149
83
164
475
318
166
380
396
86
76
451
373
216
230
48
109
142
458
171
177
268
206
433
102
217
458
249
480
32
383
187
112
346
172
138
47
320
134
379
204
172
155
322
355
210
131
85
169
321
84
376
164
238
329
322
442
149
63
259
360
417
400
365
202
389
339
28
44
93
2
288
9
79
466
5
113
383
79
391
86
373
80
160
447
8
23
374
17
350
195
397
258
375
20
287
272
290
121
466
371
103
41
77
319
296
368
85
271
325
209
60
71
171
173
486
337
241
417
195
366
464
12
193
397
104
30
133
59
180
233
322
262
112
21
483
332
3
340
152
140
437
104
192
142
136
326
88
203
34
449
31
373
426
100
406
92
348
179
216
266
235
26
92
92
387
297
459
151
189
154
335
401
266
55
428
361
320
52
262
278
442
430
26
230
202
449
336
12
114
391
484
323
124
385
404
411
13
100
254
338
367
436
14
380
115
130
107
371
172
45
272
296
417
438
324
305
1
361
390
438
460
447
37
298
169
12
277
381
151
17
349
220
298
424
410
6
416
146
115
73
342
465
340
70
120
188
406
186
62
99
411
151
210
316
377
420
399
216
211
104
352
226
220
155
196
52
498
492
28
318
388
354
247
318
96
495
107
467
178
481
105
91
320
52
106
198
11
481
47
490
106
201
435
11
220
117
245
186
373
69
190
414
159
243
210
57
404
392
221
381
313
432
39
230
499
262
405
168
50
498
41
17
446
37
212
188
419
236
98
478
251
421
95
109
291
191
432
77
341
49
294
119
261
165
177
174
163
206
12
457
211
77
137
375
28
173
467
122
31
23
138
168
294
243
131
392
337
429
438
308
330
329
326
1
204
422
256
281
359
38
25
214
224
140
267
175
284
220
81
119
223
310
46
319
411
126
324
19
35
285
336
233
268
203
128
382
250
136
171
106
416
187
263
492
497
423
443
154
475
456
108
118
348
319
86
20
283
8
90
79
98
238
246
75
202
292
446
22
13
384
424
149
49
475
203
37
48
53
321
487
182
171
43
79
177
218
384
448
118
109
100
243
47
93
8
179
440
188
291
206
477
422
142
92
32
459
70
373
117
50
472
230
186
102
396
427
195
167
397
483
407
497
403
403
285
182
102
456
467
24
96
359
262
116
10
259
30
451
48
217
149
12
332
69
136
370
57
445
197
81
483
273
291
308
298
480
20
238
306
349
358
113
405
93
454
114
468
71
92
137
397
244
120
180
335
396
166
335
268
415
126
157
260
387
41
322
69
454
317
30
240
291
145
198
359
36
106
239
114
23
401
485
353
60
183
240
154
111
473
402
315
184
470
391
224
202
353
19
53
132
46
14
254
62
396
107
99
422
321
299
290
426
221
245
14
140
303
200
204
300
169
457
481
414
215
57
321
254
473
158
183
87
187
481
477
387
232
291
164
77
141
231
290
174
113
388
462
225
378
84
398
154
315
252
463
88
33
339
347
340
285
345
448
163
117
204
240
239
268
126
408
12
37
127
159
437
168
307
302
326
94
97
375
389
260
29
272
434
19
389
355
392
444
324
292
296
282
127
58
409
149
223
456
253
176
386
117
188
93
27
420
226
38
21
246
189
469
59
403
88
431
305
221
378
271
16
68
213
335
363
155
42
249
393
178
370
140
123
214
373
411
84
341
491
469
129
355
423
78
103
326
224
223
469
477
343
3
79
481
160
318
404
352
230
371
379
476
144
342
375
50
347
345
31
176
348
464
229
409
142
161
144
135
233
37
431
318
280
416
335
368
62
141
55
55
7
231
112
121
91
153
211
82
202
54
479
378
193
294
130
379
273
169
340
498
175
270
120
193
439
61
197
228
8
8
487
206
290
475
169
117
352
109
318
489
449
63
432
179
57
53
125
485
287
456
96
392
301
56
380
237
111
418
181
30
455
483
74
195
66
274
89
218
125
13
27
165
350
350
49
112
337
441
136
386
435
211
441
51
412
96
404
235
95
432
6
434
427
289
34
466
488
238
113
283
464
407
360
274
430
430
42
450
7
268
399
170
282
294
94
244
42
23
283
470
369
353
123
193
8
92
237
62
317
82
124
100
328
353
422
29
350
168
121
481
54
453
228
326
33
335
152
133
195
289
425
465
455
143
413
111
284
168
266
338
194
480
134
424
145
300
341
429
372
66
394
374
401
301
416
416
126
297
160
172
440
105
366
28
157
158
145
185
439
311
245
183
401
283
288
74
319
304
181
233
493
223
260
130
395
51
64
154
227
497
485
487
8
95
398
90
114
107
267
487
155
157
489
62
321
211
473
119
14
342
97
321
116
427
178
217
344
237
132
106
94
491
458
442
325
257
175
306
385
198
460
213
37
194
78
337
234
199
309
184
78
445
140
385
401
164
371
81
416
181
246
377
474
162
394
164
199
47
236
64
37
167
233
316
382
383
285
422
349
340
483
145
427
448
29
149
352
73
42
161
386
95
389
204
452
84
238
375
300
414
139
187
463
246
148
410
212
323
4
18
379
448
231
76
198
101
449
27
133
245
311
126
5
76
177
441
277
30
363
299
146
410
123
434
202
296
182
182
300
118
436
29
70
25
282
437
364
314
7
352
134
212
242
55
104
14
182
387
69
206
134
183
460
205
372
468
326
296
374
401
419
268
226
16
309
283
56
480
293
240
78
463
23
12
165
433
169
69
331
188
114
294
114
95
484
254
68
365
153
313
111
68
439
105
432
366
485
227
246
320
458
202
95
328
129
170
160
449
40
438
300
258
465
186
288
125
155
132
31
55
215
190
328
480
129
11
24
417
79
299
448
441
322
12
230
412
200
285
465
314
94
119
326
214
13
353
103
254
317
308
211
354
196
191
106
268
373
114
200
119
146
243
371
240
490
358
435
454
455
376
425
370
166
217
461
97
364
115
467
275
408
270
101
271
88
94
246
132
405
462
39
86
85
347
169
351
247
86
223
155
418
148
298
440
382
341
188
479
230
9
404
259
147
424
211
375
142
101
153
396
113
303
49
493
337
339
285
319
49
110
349
278
391
313
357
260
472
160
388
246
406
267
402
397
58
280
439
160
137
293
210
147
433
327
42
115
100
304
104
43
57
368
430
120
160
126
368
334
68
450
403
481
212
406
489
345
401
152
435
58
400
125
182
255
400
202
345
64
271
243
160
168
57
345
190
38
336
283
237
432
412
105
93
186
389
228
434
27
337
197
213
448
368
46
142
431
186
175
219
457
281
304
63
325
291
235
424
367
217
451
9
119
414
4
146
295
33
496
365
172
268
318
227
74
30
211
299
11
203
258
351
161
64
280
152
108
43
268
395
155
304
68
310
385
188
95
35
365
400
346
399
190
310
47
189
462
77
488
296
80
435
413
164
459
101
348
55
134
352
38
253
264
102
211
368
200
9
341
386
434
177
434
111
356
358
162
351
17
91
189
31
54
472
315
220
390
404
350
285
339
40
401
13
363
94
136
89
99
179
489
453
236
103
361
403
1
303
307
101
438
496
39
43
163
7
200
292
286
491
478
296
158
57
47
394
275
422
247
263
223
74
252
338
102
236
295
451
111
412
219
87
97
249
346
343
2
358
349
356
394
343
302
108
200
193
295
180
56
467
128
79
57
44
378
365
244
200
440
427
211
248
182
374
272
392
199
408
210
204
393
417
73
390
369
379
271
145
139
409
440
116
395
143
284
141
31
54
370
481
99
302
417
422
146
146
162
427
335
308
493
386
469
352
75
211
6
166
175
499
94
100
62
32
486
95
353
39
90
132
362
146
39
228
105
92
499
151
245
224
218
343
310
331
415
55
146
44
69
74
135
365
379
371
387
499
240
385
435
51
293
123
338
203
446
348
348
242
247
483
211
354
420
451
281
250
289
231
117
432
448
309
469
16
497
496
267
167
340
106
351
114
216
194
430
96
6
107
385
67
206
404
297
86
363
281
444
428
90
137
210
10
269
4
102
483
153
322
206
449
82
182
401
141
132
97
139
226
21
186
245
182
346
50
226
45
13
384
153
216
53
339
78
203
396
342
345
212
93
447
442
184
401
436
485
25
3
156
453
266
142
219
407
403
392
28
164
219
277
58
471
268
169
489
396
242
105
198
245
290
252
427
134
73
244
62
281
410
64
201
42
356
430
387
75
334
431
174
310
368
178
126
434
36
475
174
15
411
40
243
420
304
411
163
14
215
86
335
160
331
247
254
156
77
16
116
338
282
414
63
311
430
387
377
113
127
492
99
98
70
47
369
370
321
281
237
444
267
373
360
248
97
14
479
121
424
470
358
20
360
336
232
496
476
432
490
417
35
51
387
222
487
237
91
284
377
383
335
295
279
171
71
409
55
314
215
416
408
256
188
157
135
79
238
233
315
372
394
388
291
320
410
216
486
139
261
359
423
195
244
42
136
63
241
189
266
322
442
162
217
74
9
278
363
230
88
408
499
357
469
5
488
446
5
458
261
354
423
416
53
356
493
214
13
146
22
72
338
49
467
492
430
233
172
217
311
132
353
256
51
353
360
67
225
239
54
189
58
282
428
411
399
27
109
361
81
295
266
217
209
16
70
450
390
476
75
256
274
287
147
129
2
168
365
200
496
427
488
273
93
332
15
56
121
56
94
404
124
310
137
17
366
136
47
36
283
409
176
249
165
298
415
270
135
299
410
231
161
409
365
154
307
493
125
377
2
14
329
335
383
170
132
464
151
131
263
365
121
330
416
87
251
240
108
295
417
244
421
322
145
362
243
215
445
483
210
373
12
169
34
269
80
341
365
494
166
451
120
5
37
46
110
331
492
279
402
68
385
329
460
258
93
8
190
21
427
416
19
167
421
390
354
451
297
147
7
409
374
113
129
466
124
417
285
100
252
412
222
167
81
142
487
182
209
276
177
73
152
344
68
249
432
452
84
147
191
158
35
345
272
492
193
272
200
494
134
176
223
91
269
15
194
352
86
279
402
172
243
21
470
434
258
30
46
380
34
171
334
138
408
94
378
377
394
89
449
215
482
215
142
1
349
61
76
54
55
80
367
304
244
20
415
14
374
337
234
163
227
320
460
463
342
85
182
175
136
317
457
497
330
187
190
29
379
470
85
198
454
491
325
454
304
30
394
389
179
365
3
58
354
286
488
162
254
179
159
265
379
400
417
238
122
369
474
58
330
387
134
404
253
37
209
235
494
6
159
313
191
293
496
271
315
400
144
44
199
28
274
201
312
319
318
55
75
88
333
435
55
337
60
291
231
98
305
317
78
253
168
248
20
345
75
87
403
146
422
221
225
431
358
302
113
433
93
433
219
155
161
407
173
224
258
354
233
205
40
217
96
327
466
446
360
26
181
466
245
232
151
428
165
112
210
124
478
257
179
298
6
372
98
422
92
260
75
296
87
221
353
199
106
206
126
397
464
411
442
87
253
127
188
486
4
232
243
62
14
135
375
476
27
242
211
224
229
44
355
100
451
384
379
25
379
452
322
458
485
312
159
68
314
92
46
379
184
112
419
359
17
14
283
452
345
376
172
364
494
402
168
420
57
342
136
368
247
164
108
52
410
284
76
201
475
307
162
434
197
332
40
118
125
495
83
437
102
427
179
3
280
458
463
84
144
238
12
471
456
177
132
20
4
367
449
233
437
82
476
38
214
237
167
163
362
51
296
61
259
198
266
320
485
105
272
451
320
492
57
237
296
190
478
20
200
20
115
258
47
350
1
20
450
141
288
43
292
301
221
94
442
451
212
258
410
312
35
398
96
497
412
444
26
239
242
25
259
147
463
342
435
39
14
409
198
247
369
344
317
229
160
20
271
462
295
345
477
221
110
387
485
216
163
49
438
56
494
212
399
264
284
145
338
379
159
404
437
303
60
164
442
191
82
366
338
393
174
63
444
396
47
39
38
76
357
220
376
464
471
143
253
158
445
53
444
16
182
392
304
390
408
175
161
445
445
294
135
296
211
45
382
431
267
3
218
246
107
262
23
439
29
472
332
417
411
285
245
29
422
322
212
282
259
55
488
371
377
93
131
63
85
80
254
426
261
321
390
443
335
198
408
419
370
365
361
435
342
243
35
160
49
107
373
388
333
100
173
213
14
346
369
15
132
459
354
448
219
405
157
90
394
302
193
224
414
293
412
393
193
54
29
134
58
470
14
478
207
365
94
161
148
178
429
489
329
394
287
410
12
412
217
437
87
444
266
247
413
149
474
41
188
280
21
460
317
235
456
162
445
376
242
353
312
495
442
217
372
203
395
20
6
2
382
280
336
92
48
114
204
267
65
58
390
53
472
368
157
469
173
95
437
125
465
135
171
363
125
91
3
50
374
211
254
454
35
187
397
240
125
225
187
343
457
178
311
184
463
259
24
74
60
403
31
300
82
381
37
247
109
472
466
457
111
155
392
354
303
435
19
286
470
417
345
448
408
95
168
287
324
487
400
366
68
429
489
470
181
454
372
154
150
151
132
152
258
230
232
302
285
457
380
28
240
237
103
143
59
83
392
487
213
249
423
122
73
101
390
182
166
422
174
349
63
365
137
320
285
193
190
178
362
365
2
366
107
373
126
331
326
347
412
99
62
385
440
400
227
10
80
158
340
50
137
363
284
32
464
375
101
282
357
365
392
214
125
348
248
58
16
200
474
60
356
318
10
75
287
178
425
236
94
276
114
32
338
312
229
138
82
76
408
251
230
44
490
48
206
348
260
92
153
170
494
380
183
281
194
318
354
209
244
287
449
365
189
81
251
360
375
313
119
111
475
439
291
224
329
312
328
462
369
439
417
333
83
423
281
234
349
58
119
411
284
373
331
122
301
365
354
409
296
345
472
447
473
43
195
56
89
459
451
381
489
391
340
305
369
117
282
266
300
18
12
318
194
208
327
102
108
170
422
463
458
419
167
24
466
470
360
41
229
226
146
389
106
237
421
392
34
27
252
185
84
89
109
279
333
155
253
265
216
93
447
418
38
488
423
70
225
316
339
398
257
242
38
74
372
123
212
457
286
434
69
82
417
237
380
369
311
388
191
311
218
95
325
137
279
227
352
118
313
352
167
218
188
353
428
342
52
36
406
211
443
295
478
281
24
366
2
300
109
54
259
337
125
28
181
162
416
400
295
146
271
95
145
434
268
351
394
65
309
38
318
275
481
479
368
422
116
44
113
413
226
53
9
259
93
330
93
160
173
266
425
151
241
261
440
348
151
45
14
172
471
437
490
71
236
483
356
146
159
259
47
373
288
381
420
219
86
385
342
437
259
234
391
43
113
168
35
220
40
20
271
72
31
440
441
289
62
437
24
109
473
447
1
413
220
53
362
359
341
221
262
265
203
76
413
238
46
447
458
69
449
137
106
139
487
474
342
347
440
131
157
149
362
233
463
312
233
478
323
61
305
175
378
318
258
6
369
455
28
203
243
114
479
455
160
337
341
362
426
246
210
15
419
210
65
114
403
469
112
101
6
67
125
398
263
274
258
287
381
481
106
387
320
237
388
44
169
407
74
127
470
371
53
78
350
290
256
168
254
144
103
399
343
426
198
177
489
82
192
385
80
55
480
444
140
323
195
182
322
22
444
496
396
485
130
135
15
48
48
472
19
91
33
238
379
207
44
393
40
211
54
88
215
188
47
416
391
108
437
27
96
74
345
233
199
106
3
358
296
64
162
441
34
219
367
488
22
243
66
432
280
301
143
111
467
357
281
209
438
214
244
407
110
21
377
444
246
299
39
273
205
186
98
476
50
113
54
495
321
59
395