10000
1110
1461
760
5935
6073
7577
5534
1067
9221
6655
9363
3593
115
3550
6216
1635
5211
5044
6079
4500
2053
5946
7857
2364
5752
5327
4775
1042
1154
3662
9524
4589
1785
3009
827
8911
316
399
598
1821
5843
8516
9710
5247
9415
3658
7220
4351
9946
1978
4367
8500
6052
6174
4392
7202
9797
404
1818
3926
8456
6982
2896
1838
764
9253
7356
8328
1381
5454
2040
2049
9570
2123
5245
4693
6024
2563
4990
9231
2502
2375
4105
3741
6848
1748
9944
4390
7285
433
8667
9095
768
356
6332
2675
4741
1544
1952
1072
733
1220
2977
2340
3960
985
1853
5763
3130
9082
2996
8639
3860
3131
5525
2451
5869
6988
4279
328
5243
8703
1459
1767
6645
9432
7132
1812
2113
1668
5070
809
9742
7812
1958
1547
5561
1213
1692
1072
5056
7558
3133
1394
4534
1144
4955
9309
3528
3691
6902
3185
1052
4995
9543
5643
6245
6141
673
577
6285
2528
9622
1845
5980
9045
8376
6818
8220
4112
9503
683
1287
1109
8579
306
8871
5493
6691
1878
7027
4901
9232
8547
8495
3630
1422
1946
5410
101
305
6379
2065
4728
7875
8039
7631
4981
9986
6828
9673
3319
6308
9235
4766
6301
7192
5782
8732
3078
5496
2314
6338
5725
4681
6548
5884
6994
1925
2750
8767
5812
6774
9259
8114
4457
2131
2220
7757
560
52
697
4543
410
2001
680
7600
939
3063
2781
2971
6234
587
7206
5840
6737
2912
6714
4365
9427
2691
9080
582
8401
2061
5438
7211
1140
9821
9690
8608
8782
4162
4912
5571
8718
9899
3134
5809
7195
7269
373
4814
545
1875
6624
4011
1378
7838
9824
2093
4437
7274
3500
6894
2073
8466
3829
9032
3320
4829
9495
7119
2551
3507
4357
2118
8151
1671
6775
2182
9198
8440
6348
1865
2474
9130
2539
4156
1791
6293
7188
9283
2200
6248
9637
1607
7298
8289
7548
5000
4902
8350
9354
6070
6142
9261
9774
3130
8688
8384
8639
6654
4851
6049
1609
7799
6893
7726
5229
5259
6815
6772
8008
626
3589
1980
4892
6450
3282
5014
8621
6372
8896
7663
7973
541
1527
9173
5640
4145
1768
9742
7106
6509
5672
6422
7248
8949
3592
1066
2011
4104
3559
5637
6605
4046
3231
3945
9567
6296
4055
1522
4513
5782
840
2359
9723
8634
5485
1056
6796
5160
9966
7711
5355
6052
6108
6640
1327
8246
4623
5129
7369
4695
8005
7396
4220
7997
4785
7241
5599
3966
6595
8648
1337
4403
4402
2011
8755
8814
9292
7012
9427
1330
1368
3764
8814
8615
6268
9493
3107
5174
8974
565
5050
5500
5885
8412
3163
686
6277
185
1072
1331
7402
9047
1223
9574
4092
858
6464
9760
7595
4525
5827
4241
9934
6991
224
4973
9623
4177
7828
868
8664
655
3181
7155
718
4024
1610
6059
3384
981
3938
486
5757
8173
6957
6669
7222
8797
8522
1142
979
7342
8515
5369
4806
8218
7041
5805
267
3360
9964
2908
1561
7121
93
2225
8195
8260
9090
9570
4610
5114
9660
3810
6656
8131
1899
4435
6469
17
8850
965
6565
505
1760
1723
9296
9085
9721
3811
8156
9706
5102
7239
5873
2035
5428
7559
770
2214
1872
5340
7954
4054
3331
8507
2012
4234
3021
4909
4546
1932
260
875
3396
1273
7361
7644
2641
8532
63
5752
7800
9948
9090
1755
4910
696
6658
7854
4872
3183
7701
1726
9907
5434
3688
9706
1453
7091
3078
9026
7397
8320
9819
3729
3712
6945
7746
8926
4464
9897
4392
8722
8099
5489
228
1339
7978
876
564
2503
5931
8381
3262
5927
426
5935
6045
706
1980
228
6381
6008
7402
8204
7975
4679
6022
2435
9353
4146
8525
5046
806
2131
3857
594
6850
4257
8991
3628
9661
983
6114
2083
2671
4003
7800
9455
7709
2064
4552
4185
2576
6462
4029
6023
2496
2091
5271
4536
3086
3050
3037
9420
9890
3978
754
9363
9881
7652
2489
1992
2195
5194
8280
2552
120
3134
9185
9813
1895
1965
1793
4403
578
8855
9604
8379
5401
7335
936
7489
3567
892
6381
7487
619
289
8853
1444
3143
3047
8597
4863
2569
2978
4876
1330
1526
2294
8197
964
2321
6734
7433
2768
2000
9831
4156
3948
6065
1010
1738
3393
1400
4278
1485
1294
6524
5619
8518
2080
501
3881
4563
8405
1386
9193
4926
3821
813
5251
1605
7574
8713
1200
3371
4344
1954
4007
9126
2134
2509
1593
3765
4885
3660
2399
508
4128
3866
3683
6039
1875
7910
5804
6872
8457
4447
2279
4302
7919
8461
2763
3166
5456
8786
4639
7185
2837
3529
2438
1620
2761
8902
7070
2063
9472
9291
205
9631
4184
1713
339
7830
9941
3293
3776
658
3933
3825
2450
659
3578
3751
4627
367
2765
453
6783
32
9821
9873
4071
3185
9030
4166
7405
1794
8203
9017
6710
6270
7021
4803
5916
851
5110
3179
2608
4887
6159
1894
2335
186
1172
8208
6155
3971
5494
4465
9711
7358
5294
8227
6904
3883
3658
2941
6605
3294
5492
7647
7704
4930
1495
5659
100
7003
6521
3028
5190
6832
2684
5519
4475
7770
6366
6057
9276
189
393
3562
7285
8913
6596
1513
9127
469
4395
3289
9826
8951
3109
4317
9985
5124
2237
7030
6348
5168
2432
6868
3941
5766
3100
6137
7479
6279
1089
9347
2440
2831
1097
5523
1682
164
9422
3033
1862
6478
7065
4684
2418
2495
2641
7798
6622
3453
2135
7733
7602
4292
6028
6853
7706
8986
1058
428
2905
5785
8351
870
6489
8065
8814
2432
1358
8060
7603
633
8286
5631
4356
4205
1656
5396
2134
3689
6649
1736
4122
1114
2028
1286
9792
1503
7853
9725
7679
7635
5301
3379
8438
4373
3675
7680
8343
1503
4023
1609
7967
8624
7890
7190
4585
56
1004
9023
2571
4849
2030
476
9080
5077
6330
8609
9641
9099
2938
5846
7509
2483
6966
9528
6572
4276
4060
9024
6806
4666
130
6949
4433
713
7855
2230
1070
4156
6995
127
171
5294
7668
217
701
3285
8324
9693
4233
4672
502
4646
3889
8417
8563
799
887
2851
9762
759
5364
2915
8635
6568
9829
9479
1525
8594
3442
1091
2778
1047
3009
9750
4071
3531
7308
2219
2109
3074
4794
144
7222
3805
257
2238
7676
3663
2154
6150
3356
2817
209
5475
9907
5530
2871
369
1300
6026
8464
4973
8801
296
8204
9419
5838
4496
2282
7888
1415
4954
7168
5171
1708
3046
6914
6078
5559
6330
593
5469
8652
6546
6301
7588
6890
5481
1179
2391
1988
1192
5811
3338
7721
8173
7674
4185
3956
4301
4173
4181
191
8397
8160
4329
4314
9765
539
2008
4588
4526
3761
7034
9593
5631
8723
5142
7576
1323
8772
5241
6985
5046
7821
1924
3176
5769
4117
3600
8097
7658
1310
651
7433
7469
5534
5023
6945
3249
6453
6140
2560
7209
5408
810
6624
9894
8568
6599
5331
9806
9419
6492
2960
75
4800
1031
1094
6174
8626
9920
9049
6622
327
5129
8095
2395
3373
8523
3666
2999
4843
9816
5339
7098
6051
7356
1236
4759
7310
6120
3881
2771
302
1303
3727
3689
7769
6994
2480
5875
8736
9830
6459
5786
7971
7950
1957
7185
7453
5188
4769
8163
8099
2701
5582
1742
2966
2334
3904
8497
6671
979
6109
4191
1288
6586
8893
3090
4540
90
7863
4951
7023
616
8880
4389
9698
5209
5508
3714
4613
9378
5962
608
9507
8788
4373
2500
5048
1208
8611
9556
1754
3116
3733
8765
7763
8974
323
8299
6594
1587
6801
2038
739
8914
7894
5709
620
7603
3023
3380
3211
5556
7005
8951
7215
4953
3630
1182
9587
5607
4731
2054
3839
1145
7678
5790
2152
7347
6447
2022
8897
8135
2355
7878
6806
9533
1877
3592
9081
2225
2520
4384
6786
7378
5138
8737
5850
8874
2299
4225
5983
4909
3616
6120
8260
5722
1811
7582
9521
2615
3854
165
8762
1547
9129
4191
1393
9503
6846
5817
3125
5253
4687
9403
7558
7650
8504
3139
4748
5701
6682
7879
2977
3216
2261
2823
6149
2893
8136
1376
6311
1644
3886
4604
5453
1822
8908
9468
8488
6347
6943
9319
7197
6436
2130
9590
7995
8175
3059
7628
4544
2797
4520
6450
4989
7311
4049
4134
6699
3917
1679
8870
4034
8330
1458
5934
1209
5081
6567
8428
5505
8558
7095
8518
8734
6306
3852
4817
8423
1617
3030
4974
569
4783
2525
9439
3945
5112
758
567
1595
2756
9804
1551
8760
2151
3279
9407
6067
1389
9383
439
7040
8799
2342
1906
574
4070
8874
618
8165
6292
1726
1743
5252
5863
3450
1085
451
3020
4881
2262
2907
1492
8525
7552
7424
6855
796
4080
8483
4447
4305
1723
8988
7669
7977
8699
3488
9066
2845
3264
4091
5634
6584
3018
1442
3340
4314
8439
7893
3784
5743
9364
3054
1517
6465
1891
1919
7280
4128
3285
8150
8029
4570
1113
213
8079
8455
8941
7339
5089
672
5230
7646
1923
8640
4113
9914
3236
7900
9309
1589
4510
1156
3534
462
3656
6062
5459
3925
7163
1154
8281
4819
2525
250
8868
7974
5227
4623
8063
1310
1631
2662
947
3522
8564
7872
9454
6085
7715
9132
1036
4982
5108
5669
7351
6681
8190
9723
5154
6525
5253
5273
8787
6336
8971
5788
3621
940
6725
7483
9081
2497
1275
3108
9870
6041
9896
804
5752
5399
9656
2976
802
7944
4782
2645
5344
7162
7083
9050
2536
6894
8686
3348
6379
5126
4585
8699
7615
7338
1821
2779
9575
3108
1404
8090
2511
1254
1564
4392
610
2840
7865
9844
8854
843
4594
8793
3124
6019
3346
8724
437
2490
4122
1792
4591
2560
9937
7738
5071
9370
5287
7363
9219
434
428
7109
2561
5979
1559
3338
4714
3357
9167
5278
4546
3562
169
3848
5483
9251
8650
446
8621
2938
1206
1198
6526
6297
4365
2583
5850
9608
581
9448
7227
5694
6881
6946
4109
6330
8584
2082
2175
3405
6790
5319
6289
8503
7590
3614
1237
3756
372
1722
8756
9070
5697
6738
8007
5077
6950
7468
3029
2862
5284
2650
4065
7342
4908
4180
4826
9349
105
8215
8903
2783
3109
7450
1099
6917
3704
1652
2072
3599
4968
2864
7697
454
7965
6996
2741
9201
6344
7953
7266
8564
7742
5928
4688
6989
6660
5607
2988
6896
9735
5688
1749
6952
1675
9669
1378
5917
6703
8190
7214
6128
396
9418
6129
2918
6289
5362
6312
2872
3666
8293
3566
431
5027
9845
2631
2639
9973
73
5878
163
6693
5145
7625
4528
1510
3369
7987
4427
8197
622
2528
829
1120
6409
309
3592
6775
2605
1038
7892
7800
1927
4215
1814
6441
3402
7980
6230
2357
4214
5423
2724
8
2951
9030
3858
5471
3986
7564
4673
1968
3943
7814
3292
514
865
9872
1413
567
6627
792
9489
1782
3832
6714
920
562
6416
8342
8521
2358
871
8854
2579
8699
6772
4652
1430
8707
4192
139
8732
3281
4805
8617
800
6077
9251
4913
1619
9366
5984
5905
3525
8547
2458
5823
3099
4667
277
808
1805
7225
9632
1362
2322
3735
2210
943
3997
3813
5015
8682
7594
8593
3758
9650
9184
5340
3390
4634
8110
2422
542
2675
8029
9436
9572
3827
7040
1259
8885
7821
9536
5589
3708
2124
9884
6703
7024
5013
9269
1150
5594
11
7332
6868
1346
8240
5269
9083
6245
5155
6387
8934
6290
4108
7121
9760
4322
5544
1085
2459
9932
3801
1789
7152
8900
7943
7803
5692
4551
2461
8325
7409
9057
7327
6802
9619
8476
9348
9422
5657
5389
4951
5103
4854
4068
7204
2554
6892
2533
6261
8598
7694
1520
450
1930
795
2607
1982
8587
7124
3831
3636
7480
2784
4543
1672
6105
7799
2227
3793
2641
9815
1975
5594
9097
6226
3878
1947
7013
3886
8502
3266
9873
1604
950
1446
5974
9928
4447
3645
9906
6087
7444
7707
9359
6501
4002
6790
4254
7548
203
1384
7426
6530
7105
1992
1251
3490
3798
2178
8423
168
6240
1513
8224
4958
5594
7394
4501
6993
2604
9131
3998
8052
9123
2110
7471
512
1015
7693
6298
4819
3582
2398
1959
1230
5807
7570
4706
1145
3748
98
6923
7998
8046
585
7799
620
7451
492
3346
2061
6364
6918
9927
4311
303
9724
2441
3195
1991
6563
5173
6879
6013
8828
9574
2986
6680
9939
5332
59
5912
5769
3333
6282
2479
9095
3514
8899
8854
8337
451
6901
1079
814
615
9141
8579
8479
4996
1095
6450
9071
1853
9352
7279
3955
805
609
4029
626
8916
3204
5268
3084
8142
323
424
7056
2643
3774
2620
8507
5690
2876
3888
249
4733
3186
8311
2792
3783
7264
9623
6992
2127
832
8274
9895
4168
9152
931
9191
3697
6523
1848
4837
241
9402
6623
1326
3283
8207
4137
4128
4287
2449
3833
6259
7031
6930
3504
5916
8724
2644
2663
8557
722
5723
6379
5694
4161
6663
7352
5553
1698
5279
6954
1733
3378
9694
9166
6341
4546
81
5409
1307
9121
8490
9142
7239
3140
8716
1174
8028
3313
506
8447
2864
478
1069
7032
6959
2054
6552
1659
906
3058
2207
3299
2411
7874
8270
4529
8315
4322
8874
8094
2138
3866
3552
2509
8583
212
2085
3866
7913
4609
3096
1268
8824
8356
3039
2438
4055
3755
829
5015
3737
5553
6609
2757
7738
3921
7755
7916
5871
5769
1065
7306
9512
8877
2306
2661
3936
5166
4657
1363
9404
7621
305
4635
1540
2508
5772
4344
6019
7655
4190
3459
9677
4880
3414
343
4471
8040
2857
7161
4321
4670
8517
422
7552
4591
829
180
6910
5786
1290
2137
9701
2799
4593
6580
3160
9320
6219
4716
5989
593
8918
3693
3488
4568
712
9397
4679
9800
3298
2026
2132
5711
6876
5083
2340
7837
2819
1942
6289
5907
7328
7741
7917
9372
9947
9270
7521
3019
9467
3378
1338
8423
5568
2867
9099
5668
7881
3665
1000
1580
896
64
9236
8706
7837
8796
1095
5077
3815
2613
4990
7938
7790
7538
5982
1207
4916
1433
2914
388
5999
4526
309
8852
2551
2314
261
4656
4708
7896
4087
5343
4146
3452
4728
4788
2541
8078
5429
5464
4870
740
452
9655
509
8298
3858
4957
1580
9430
365
7082
5398
8748
1878
1518
2753
4699
4314
9365
6992
7839
8224
9770
9367
6734
4673
951
9791
6272
13
8069
6589
6951
2247
3603
5473
9905
8670
6374
5036
5553
1980
7477
728
805
584
3924
1895
5265
1980
8003
973
5223
3198
3940
3308
5367
7594
4915
1882
6992
7368
8206
6421
6707
3517
9100
9789
4177
4816
9038
1108
4575
4174
9465
2657
3998
3049
1119
7221
985
8827
4280
4393
6166
2133
1673
5858
216
2753
3311
3483
5058
2452
6358
9526
4352
1409
4289
383
4119
1190
2649
6758
2980
350
7149
2384
9495
6943
8833
4135
8976
3084
8687
4105
3986
3875
5026
7957
5065
6646
5980
4385
2355
4034
8394
7501
7109
4053
2922
5107
8841
56
8171
6712
8377
7191
441
9501
8451
7560
6856
4951
2698
6296
6848
6649
1338
4749
7457
5313
6453
3008
3156
498
4254
3718
6045
3093
3606
79
2923
3294
759
169
174
9865
8379
2623
3109
595
5533
6987
876
9434
4285
8283
1865
6805
2291
7829
6346
8605
114
6270
2347
6270
1480
834
5354
7505
217
1741
3103
253
4432
9726
6860
6245
4275
5101
911
3586
4534
9334
2049
9022
1840
1955
5092
5252
2627
3336
6908
9384
3405
5817
1634
420
16
9865
9776
9529
5161
5921
6006
6266
4
8667
6813
8392
2583
3410
9682
2811
1300
9054
8432
5558
7704
3323
4142
4701
3727
9118
678
5508
8428
3217
3165
3072
5144
6853
9888
5616
5040
341
3067
2469
6060
3424
9176
418
4085
8098
4705
1938
8202
5910
9745
2243
9646
6176
8595
7217
5473
8672
2886
9730
7501
5653
8482
6002
8166
8712
8
3368
6304
1044
2935
8125
6838
108
8476
7575
8799
840
1776
1833
5553
6553
1651
7013
1469
9044
9749
4309
6609
7331
3208
4729
5828
3911
1150
8643
9851
5308
809
7259
2806
72
9353
8763
2247
278
7759
6508
1464
4710
5109
7016
8496
4381
7443
5222
7066
3368
8208
8365
2284
7767
4914
7711
8974
6497
1544
3777
2625
3388
19
5057
8771
687
1192
1512
7758
2328
9480
2259
1493
2537
389
1640
6280
3323
33
7151
8776
5965
5458
692
2806
4949
2135
9899
8644
7560
3344
1961
2410
1127
2579
6277
1550
3049
2133
8464
1418
4818
2221
3726
841
2331
4822
7764
7855
8529
5176
1932
1559
7437
2405
5493
6081
393
9492
4116
138
4259
7429
7935
1595
3222
4450
8383
2268
6159
5854
6560
1503
8236
3690
7643
2307
2595
6614
5930
834
7568
5512
8987
9980
5206
6941
3601
6787
5836
6840
619
9419
9546
1089
4928
6818
2963
371
8585
7299
4132
7665
9186
7533
4721
6935
4004
591
4786
281
6385
4719
592
973
54
3273
8554
4047
7792
8353
6428
1909
4410
5839
9051
8143
6235
1244
1139
5366
4360
1522
5252
8363
211
9058
6232
9178
586
1104
9563
62
7995
6878
3445
9963
4963
4017
8449
648
3217
9254
9515
1941
4848
1661
9783
934
930
6597
7593
9741
9097
1218
3250
4082
6102
8345
4074
5210
3364
631
577
2564
4866
8147
7114
4216
9021
3194
8197
5702
952
1677
3689
7145
7924
8445
8268
5798
6629
2472
9245
7081
1331
8549
8668
2455
1292
2927
846
7052
2293
8621
4637
4476
4032
9926
3712
7692
7950
8554
3458
856
4637
2222
9028
81
5665
4738
4224
8240
7494
7102
4937
5395
8232
3514
5729
8359
2000
9798
1388
5834
6671
7007
8715
8896
6084
462
1816
3096
591
437
7128
8635
502
8936
2781
5708
9709
6915
3034
8314
2686
2832
9020
3238
2249
9221
2835
664
5237
6233
605
6165
3147
7763
2273
1212
5408
7648
9328
9573
1248
8747
5037
542
8992
1877
3585
3975
2826
8378
9956
7842
4503
1467
6678
2947
1187
8520
7848
5454
8017
9717
8184
3735
6332
580
8284
7714
6481
4198
3101
9260
3568
3191
8865
8353
387
4108
3676
653
960
9387
8261
6743
1789
3232
6222
3414
7612
9200
6851
6968
354
7251
4130
236
7521
1272
6233
8884
1851
9301
7915
9736
6760
3037
8112
5887
5175
1314
2978
4390
1910
4944
7877
2447
7236
1981
7392
7358
4310
389
7672
8954
6054
6296
9623
1319
8743
7704
7550
1370
9803
5682
5308
6232
6822
4261
3463
6214
93
2064
4433
7832
2123
1899
1096
5570
4274
1051
5438
3877
3243
9871
6776
5241
2211
6654
6588
2644
8621
2168
4565
5922
8991
7835
1030
1039
462
107
7521
8975
8777
1335
3137
5228
1721
1738
3489
7539
4368
6675
7789
3131
1571
8596
8808
8638
3106
407
1178
3577
4879
7191
5471
7328
6649
108
1375
783
5588
644
2639
7473
8482
9047
9169
4750
3583
2518
3580
9708
6744
8044
5358
1937
3422
6904
6005
746
5944
8209
5154
5868
4727
8087
4562
3093
2169
2337
737
7081
3609
4426
8727
5247
2358
5357
9927
9178
5060
5180
4726
1884
1965
1295
1050
7935
4022
1765
2681
4400
276
3652
4695
6220
4459
9219
6354
9088
6577
578
133
7758
5078
208
6144
652
3762
8175
7473
9316
6369
3061
8182
8718
5245
4490
6095
3031
8383
6447
4757
2337
9610
9700
2417
9350
2026
5219
5669
7480
3589
4123
8520
227
4379
7334
8650
464
5768
7152
3480
4969
5409
6119
3941
6753
7074
6686
3948
7612
8412
487
653
3931
5811
7902
5787
5021
1745
4265
5861
3541
6675
3628
9416
9873
2076
325
2774
600
2433
109
144
6392
8224
4973
4769
7447
7194
6210
6461
6726
1389
5827
4599
9727
2988
2416
3219
6267
7167
9432
309
2221
2714
9819
9127
3208
7303
604
8896
590
864
1811
4062
2702
2976
9127
6432
4815
9417
3660
752
9004
6323
4942
1016
5544
4216
5120
2946
7282
2189
3452
2276
1091
9254
1807
2435
9969
1383
4090
4914
3057
5408
7783
8327
3376
3915
3223
8623
4486
7654
260
3017
3497
6147
5266
3085
3318
3083
1580
1689
7632
6878
5591
9912
184
3151
3647
802
6931
4155
1982
5588
4199
4554
8934
9222
9613
5325
2669
8170
9826
5522
399
2526
1541
6561
4875
7072
3256
3794
3959
5587
3985
5534
943
661
8070
3688
1773
2320
2086
937
6289
281
9992
7954
125
6106
5425
1553
7190
1690
5476
6980
4205
1127
474
9328
504
2052
1105
5981
6195
1002
3583
1842
5889
9210
8747
9078
3481
9039
9171
4634
4978
9132
792
722
853
8696
7790
4816
8734
7725
5263
6904
7886
1042
6811
4260
8297
7370
1847
6854
1102
6942
444
3187
2808
5728
2337
2721
583
5662
8656
9145
9246
5469
4424
8305
8974
8606
699
9526
3460
4823
7390
1027
895
6885
2435
1556
379
8925
1940
9846
6664
2096
8454
4633
4369
143
9349
1233
8548
9615
6335
5021
7123
2394
44
272
8304
4549
2306
3106
4492
1255
6967
3287
2196
2415
3665
5414
8956
234
8275
808
7442
6980
9405
4574
5592
1122
5169
4158
6920
7678
3350
3309
6707
5706
8201
280
6873
1622
6340
4611
1627
1591
4149
9478
6146
477
9851
3860
6857
4086
8618
5568
9573
675
8909
2156
726
9542
4794
1792
5852
3663
9331
2928
2302
2195
1625
2857
338
2432
2816
1113
577
4827
9744
1101
7694
6168
8297
3782
1003
5898
6046
6837
9533
5505
2576
1799
6028
6433
5926
8005
3556
5272
7036
7872
979
8625
2508
6030
2988
6263
3629
3051
9624
2741
6330
2974
4058
4062
5188
7579
9303
1947
7483
3502
659
8943
4147
4936
2677
6372
3629
3900
1561
1315
8384
1669
9949
2838
8160
9490
1564
5295
7618
9474
4317
2778
4629
2289
5177
5576
8198
2236
833
8913
2031
5750
2063
3466
98
9219
9937
9888
6918
2303
1326
4899
8752
4201
600
8285
8277
5547
9259
9144
9382
9306
8099
9628
7586
8365
3857
6556
3367
8834
1080
7414
8413
607
5540
793
6408
2681
9134
4028
2182
1133
5939
9153
7810
4915
7557
6183
3253
5020
3203
2527
5612
1652
6562
6159
3471
480
1562
2388
3725
5443
2392
1459
2417
1846
3475
2879
3087
744
4904
4895
9212
637
8552
8267
6628
7183
6900
2106
5929
1125
2095
9768
9094
7194
9579
631
5239
9845
8475
167
6044
1162
8162
5158
5986
4928
5334
5192
4673
8831
3826
4245
5227
6237
3398
9611
7308
3772
3258
7760
5562
9736
5267
3744
7325
8791
8145
492
8437
4147
1987
7501
2487
1198
9340
2706
5089
2594
3184
2228
6285
659
7076
3921
3150
5335
7619
222
4342
1315
9819
2869
8635
3568
928
7108
9060
6161
8959
6292
6223
8952
5349
2812
4110
2774
4688
1112
483
5991
7852
6732
3090
2803
9249
2228
5937
4680
3400
606
9688
8002
6280
4634
5416
4149
1821
6929
1535
5726
9878
9645
9746
2351
3564
2260
8054
3555
3694
3564
1210
5213
9401
3440
4304
4758
5895
3510
9369
9228
4086
2173
514
3270
5396
8757
6105
6010
4224
5778
6122
565
2757
2068
4390
6660
9608
2045
3942
3214
1532
1647
7259
7671
7206
345
17
2870
4688
5841
1529
2852
6393
6945
6625
8641
8096
1821
3236
5191
6738
9049
2953
3276
9066
5837
5590
9726
257
411
43
6130
8662
4048
3371
9440
5718
6681
8056
3703
6943
2442
530
6779
2870
1560
4259
6974
790
151
29
6972
2198
1999
8049
8753
2985
4676
5224
1101
463
7908
8867
4455
6293
1422
519
6611
4654
5944
6074
5272
5172
4336
4369
1956
6304
7062
9018
7510
7370
4569
819
2623
5013
3314
7045
7480
4091
4154
2051
5144
9012
5409
4301
6892
9253
2533
8730
9451
4361
7193
3793
311
384
5515
1522
6712
3045
5511
7515
6742
7564
1256
8863
9432
5424
1968
2817
4630
8267
5357
8097
1808
1848
7594
4867
7992
542
2017
9785
6625
2991
7582
3584
9357
6868
6005
2443
6649
8104
9840
5158
7377
2466
6342
7755
4117
2980
7328
5975
9217
3559
6408
1122
9535
777
3757
8728
4176
8823
5924
1089
2932
6227
3832
2271
1723
1234
598
4651
4385
4523
1661
9158
83
9588
8784
250
620
5992
3323
9759
9746
3527
6525
754
6111
6504
6092
5719
4226
6712
1977
252
873
6918
458
7448
6357
7487
7207
9158
9934
5266
2767
8826
2472
3027
344
1337
4302
1907
3678
2006
38
1655
5514
5371
1542
1841
1698
2663
4609
5474
745
1081
8138
7735
1833
2060
1858
4632
5670
5975
4211
25
5169
1271
5340
8087
6969
139
2810
6515
5466
4632
5117
9392
8452
5795
2360
7027
7102
4576
3117
4280
2969
4379
5126
6856
4648
5967
6690
5137
1263
793
9445
4209
1915
9349
6910
7001
9761
4511
1269
4498
8183
3468
9285
9044
4785
6127
895
2067
4788
7590
5734
3374
6145
440
4822
1037
2917
9474
706
4719
5956
6620
6850
6207
6986
9081
7333
1672
4507
2239
52
4868
5610
9325
9259
1377
8454
4990
4635
6382
4590
4167
1109
2554
4686
3416
5827
3532
7625
9741
3184
1966
9377
7183
6928
1675
3297
8455
3681
971
9578
6947
4409
2688
7907
6962
1599
4612
7242
9451
3247
2455
2471
9553
6577
5956
5079
1231
6299
1855
5009
5841
2481
1173
9296
7260
6294
5431
313
6491
3030
1741
2399
8371
7343
4204
5271
8714
2101
4830
4949
7672
3805
7154
4849
1754
7915
6624
6202
3536
1009
2939
2175
3653
9831
4888
2968
1368
2184
2975
4961
6282
7664
2256
8828
2983
5351
3478
3896
2231
5979
3167
260
5942
4367
862
4344
8869
4716
3478
3657
6436
3168
5104
3460
9186
5537
1941
779
341
1483
6684
1600
9668
509
453
7527
9425
9254
993
6468
5202
9701
2175
4268
6938
4341
3667
6619
8126
9930
1464
3940
1939
9668
8829
7429
7404
3457
2160
7421
7695
3926
9353
4796
4153
2058
4335
7664
2917
9366
4056
6203
2515
3304
1987
7177
5440
2090
1458
404
3011
3897
6450
8915
1263
8899
1623
435
2478
8309
9027
1250
5363
8412
4764
818
897
4768
5122
4024
1868
4675
1982
2691
6631
4403
5243
305
6660
6878
3912
8630
1361
2025
346
8766
9715
5669
8641
7741
6548
2713
3559
2911
520
1482
8176
4964
5130
4653
5159
6083
2525
6190
9597
1592
5838
3688
314
6209
2156
9283
2263
4670
5542
3098
562
1864
322
3315
9111
2537
1501
7989
7012
6833
9405
4148
5566
9511
4593
2430
9031
6850
6934
943
5741
3570
587
2356
4192
876
5918
4464
4717
6609
6298
9695
7130
9151
1066
6865
768
429
6001
4304
2964
4437
9931
742
2761
7862
9848
5319
2726
6129
3153
2928
7952
6035
275
2458
9532
4902
4796
3365
1267
2559
9961
8874
3242
6246
6467
6399
1412
7696
5657
7105
1948
6314
2626
1318
4448
4713
9859
7999
6318
7613
5855
1033
1406
1025
9801
8176
8062
7267
4502
8945
6856
8104
3484
9702
139
2115
1220
1408
207
4170
4064
4881
7684
2983
6664
8008
8005
7176
5887
7055
9128
5004
4215
2612
7765
9901
7952
5106
5068
2058
1967
8074
9351
8990
5140
4422
6263
2780
7981
3821
3494
1041
4430
7951
8638
2432
5743
2955
8652
9439
708
7554
9756
7258
3744
9627
3431
7071
9750
6889
7546
3710
5244
6985
4037
9538
318
2679
5244
1046
6947
8481
5078
3827
8479
7348
2459
9882
8604
3608
4359
2243
8060
9737
4075
6223
2871
3865
6615
313
7036
9367
8011
5060
9176
4975
7108
6615
1583
6427
9842
9566
2994
8920
2611
1590
7431
6426
5336
6841
4501
3665
8552
6124
4466
4421
1315
4507
4278
8917
4793
5429
7729
5044
2828
9823
3956
5967
5163
3126
2593
8057
7767
9157
3121
3258
5971
9301
8396
5624
5254
3515
5594
2743
6572
5250
3891
6962
7408
4691
7787
5175
880
2386
1497
9798
8621
7798
6808
6749
2650
4418
4787
234
4615
4329
716
7071
851
1056
1934
8591
8864
4935
8984
9471
6101
2444
570
7654
5899
8940
3215
6138
9007
8168
1634
3211
9928
5585
3482
201
9906
7999
8201
4211
7317
3229
5707
9162
2295
7726
4699
7994
3853
2707
9793
6604
4398
8639
4773
906
6684
2941
836
5817
8915
7934
8199
2809
4902
8875
4755
4100
6237
8735
3950
1469
9574
4055
4184
1136
9593
8046
572
5067
4405
5390
4211
989
6890
8241
1320
5526
5910
6725
983
1552
9414
3776
8218
8155
2397
4719
7055
2369
9487
3336
1768
8912
8695
2530
8551
9734
1017
449
4731
4550
9252
6618
3300
4865
3200
6791
1748
2234
725
8704
2620
1631
2248
1119
9446
3331
4399
8239
2064
7478
7918
434
5123
7752
952
7587
9222
737
6745
9226
5236
5674
5432
6670
110
6625
4317
5829
2631
337
8046
7433
2790
3474
9173
9783
6874
9257
8881
1896
1835
2611
3881
2243
4361
2066
6224
4684
3063
7356
9459
8581
7333
2174
5156
3609
2215
4777
3953
6048
4229
3364
1313
8468
8118
9387
1707
4757
121
1864
704
8089
6240
5245
2915
856
6356
9722
4823
6444
5975
5651
2861
616
7267
5117
4704
6442
1999
4658
5963
5933
5189
9260
2911
5798
4357
594
6091
7280
4786
5931
7554
1287
8898
9930
9298
8766
8082
7009
2483
3047
9977
4313
2377
325
3024
1375
978
7577
6217
2575
2827
9426
9082
106
2719
5108
90
617
2894
9947
1157
8835
2840
8449
1032
3961
1562
2897
9749
5497
486
1069
5611
76
6481
5751
2324
2697
1057
8807
9610
7707
9981
6115
7569
579
6137
6143
7659
3987
6098
1090
4995
2966
7680
5498
2830
2058
5683
4355
4591
7357
3020
8482
7632
6258
2867
2603
5167
357
6791
8726
4478
5238
83
4357
9746
5701
1114
3299
4725
9189
8585
148
7209
1163
2090
6361
7616
8220
4286
2584
5208
599
8863
9009
3811
9580
1482
4152
9661
6709
5379
7089
8959
8093
306
2230
8691
4044
1815
8758
1251
9761
2743
9784
7979
7859
7677
7858
987
8036
2163
3511
1864
2688
1951
1325
1644
2665
6128
8917
1571
8038
4171
3063
9153
4985
6088
7487
3364
9754
7269
352
2772
9567
8996
2332
2262
1430
6190
2037
9520
6340
8117
5246
7555
7877
3631
1088
4405
3331
6591
6248
5347
8115
8268
5162
7611
1691
5696
267
2950
9995
1733
2123
1718
2416
8817
8334
9135
6089
1737
9680
7008
3526
3343
8940
5535
8105
7524
7638
6646
1682
5143
5955
4896
5442
4844
6980
7732
4490
4179
3187
988
138
2187
8803
1994
4558
2702
4529
5407
9846
6428
2891
5620
7350
8630
39
4617
4571
8733
3973
5039
6362
9867
4570
232
2590
2641
6233
3332
7134
5889
6042
1135
6989
9380
4258
7637
4342
5736
1838
7446
8924
2188
1354
4553
7921
9491
5822
1978
8038
4927
1075
7281
7943
7592
1832
883
2253
165
7891
7154
8089
7401
7265
6264
4910
1125
551
9898
6515
2138
3374
4791
9979
6945
6617
9968
5582
3489
67
3342
1102
804
3227
1417
6796
3118
1609
6679
3416
5135
2080
4433
4650
8987
3582
2109
5015
7052
694
4237
1062
580
8993
3502
4156
540
4199
9813
3982
9063
4648
346
1027
5088
9921
5994
6530
1966
4101
6488
7171
8620
8399
5396
7270
4481
3075
1654
5669
209
2725
1720
6042
4528
7377
3503
1393
8391
2237
3678
1754
1534
7828
400
4999
7026
9577
374
7703
8430
327
286
679
6632
981
1460
1180
517
4455
6161
6524
3153
799
2718
2896
7474
4763
9945
4029
5533
5161
254
5109
7298
8467
3588
1600
7479
4773
3055
4847
2010
2221
24
1454
4516
4811
669
8306
3294
5026
7764
21
5909
4550
1967
6370
1540
9330
4666
219
2121
6890
2837
8350
8841
9572
4128
5340
7462
9312
3483
3426
1638
5543
6482
5023
6897
8375
1339
6024
3096
5323
8281
3982
9771
5729
7108
7644
1916
3614
2454
4546
2573
8660
5547
7636
4560
5581
4184
2527
2557
3356
2239
2130
7821
5503
4858
8278
3598
9772
6826
5073
6796
6144
9452
7693
6451
7938
4387
9886
2443
126
8935
1654
9085
8817
3244
5601
6690
1899
3065
1877
7765
9515
4484
4193
8573
1355
3932
1887
4419
4
9036
2785
1655
7434
7864
5958
5226
2195
285
3975
366
1365
8429
1647
1962
3274
4441
2348
1685
3461
4330
1813
9280
4609
6968
5368
601
4027
7919
9630
2151
9511
8941
265
957
8905
2433
6891
1941
1980
761
7325
4275
4922
8009
5127
6253
8953
9848
8520
1773
139
3727
3292
8375
8963
4725
2871
5651
1272
6649
9630
8402
5396
8193
3207
4653
3820
6746
8677
8024
7121
1633
583
8374
5615
357
2817
2774
7325
1079
584
3292
87
6760
9324
5645
2697
4185
4593
7761
1327
3454
1837
6316
5290
4267
9289
995
9417
4481
3615
2174
9233
3864
2791
3503
8336
1261
9047
5947
6488
2937
8958
5760
6001
2388
5058
8109
607
5107
2691
5181
8589
6395
3396
6057
5264
5755
7182
9345
7061
964
9810
4968
4062
5349
3521
5945
7773
2038
857
6286
8557
1065
3371
4123
3815
8055
80
623
3397
8707
9168
2184
6368
2257
5563
4742
8962
5606
3423
2181
9999
9011
8707
875
9905
2037
9015
735
8170
785
9228
4000
6911
8883
7306
7616
8659
3754
1352
778
1105
7732
9587
7829
7937
8915
2266
917
2957
7377
1119
8372
2204
5033
5806
6848
1607
4769
9266
8756
2625
1433
8780
150
2313
8611
7562
3554
937
7080
3042
6077
118
8390
6771
6750
7116
4917
7757
5911
3607
9909
3456
310
3852
6050
9021
2800
6922
3673
5230
3913
8792
623
5880
6115
794
7532
4945
4302
5746
6988
9359
32
7233
1643
6934
4660
3869
1091
9197
6969
5007
6307
237
6158
1301
8020
4482
5727
2036
2714
5402
6295
9135
5189
9003
9337
9057
2285
4802
5439
8088
8478
6308
9430
829
7702
4715
4984
1237
9456
287
2139
8985
887
6171
3464
6509
5431
9914
4378
2707
859
9825
3013
5014
7400
8780
3320
5768
8563
8767
5195
468
6856
4554
4481
3588
4125
1549
4652
8187
3467
6144
354
3117
9282
886
3994
928
660
6104
1914
7904
8817
2206
6853
1617
5310
9364
3723
8436
2687
8957
516
6972
3304
9764
795
4505
3839
7462
5622
6650
9296
1532
7197
943
1980
3418
7716
7661
605
8915
8357
4645
8834
3285
4147
5700
4339
8546
9896
4797
6281
5318
7001
5851
9050
5646
279
2658
5654
4414
401
3923
6935
9187
6083
3231
2286
1685
1836
4565
4022
7589
9838
9450
4746
8085
9523
1113
3924
7303
9352
2854
7726
6018
1116
5413
5998
6195
3566
6798
783
8392
9805
9978
17
1776
1101
5379
4134
5476
273
664
3332
8563
7999
3379
3363
9878
7081
28
954
6535
7116
3305
8945
9625
6542
3232
2546
753
4629
5801
6913
4602
6228
8771
5779
6753
9627
7171
4025
4101
5729
7337
5461
1943
465
123
4231
9408
1011
6591
2173
208
9646
9291
6173
5240
8665
1231
9760
9397
7478
993
311
4246
2369
5530
7618
8504
4068
4081
7062
6065
9044
6081
676
9117
3431
2115
2072
7673
120
7257
3848
6200
8274
3524
4499
8520
2935
8307
3743
3942
5140
9924
2394
5766
5333
575
2990
1729
365
8680
1678
3784
3342
6095
7465
7549
2117
8153
5189
5334
1162
9334
8749
9907
6088
2271
2983
9050
8194
9450
6214
2205
4140
7820
1135
9061
6979
1296
8426
3168
6260
8080
2020
7879
4387
2986
9667
6412
9184
6382
8927
7069
6494
3058
7800
3064
4473
8106
3203
4913
7857
5968
6304
9649
3569
3485
2264
92
2119
2312
5927
7192
5355
9417
8530
1718
3793
6610
9719
7506
8408
5413
1855
8285
8963
4309
2942
1883
2443
1791
5767
4628
1669
8788
7665
6605
9328
8120
554
1795
5393
7216
2645
4164
6705
487
95
3163
2875
4733
5860
2437
3965
6846
8903
3310
2756
887
7835
33
1064
5855
7537
5185
8738
9218
9697
1847
5940
7978
3343
9935
1676
8168
1460
4329
4471
1578
6683
5244
3330
7827
3919
9841
3190
960
9419
1499
5319
8722
6682
606
1901
4320
664
1224
6416
7854
3923
6252
1678
803
1577
6290
9006
6622
5244
1275
4328
1559
9129
1372
2706
6295
1268
7948
3815
7259
4847
3315
9635
7535
383
2348
6949
6011
263
3644
4472
3947
4793
8094
4124
8458
7677
5730
546
2882
5543
1209
9105
1086
7045
2484
1109
4786
8014
9790
1675
6399
6613
5257
1541
7148
177
9215
7783
7277
5661
8072
9126
4207
9490
351
6390
5781
4735
4936
3693
8959
2788
5132
4001
96
7578
9368
8779
802
2785
7805
7763
160
2551
2503
1482
6463
8825
619
3524
9113
7172
5681
6353
3004
2010
1597
5462
5982
3801
3510
2668
5203
2621
8491
303
6683
4041
143
5034
2225
3454
479
7573
5967
4482
3911
6333
8312
5884
479
6168
8057
3923
2755
2587
3483
2822
9068
3646
3612
4056
1145
6360
319
9167
4800
7329
311
1189
3318
8297
4186
6759
2596
5830
607
344
6482
2666
1840
7381
7117
6370
6490
7696
1233
6610
6283
8493
618
4442
6522
7171
9785
2393
5964
1431
69
6277
6047
4551
9995
2289
4686
5959
9528
7162
2827
3991
5803
446
4952
8182
5260
2385
2299
3024
3255
7338
6656
9674
206
5170
5134
3757
6374
9325
9688
4928
896
8801
7199
3104
4950
4219
1383
7109
2616
2964
6084
286
9146
4342
6260
1816
4720
5509
5838
2647
9899
9835
7941
108
4977
8565
3028
3575
2774
741
6720
8917
7534
4652
3994
1357
4883
7247
6803
466
8650
4888
9866
6020
4221
2196
7944
4226
5421
7625
7406
5310
920
1642
5624
4716
9666
459
3456
3844
3549
7678
1480
3446
9637
4631
490
4995
4581
1745
6179
1855
1904
3953
2547
3087
8387
8463
4027
8443
5847
8638
4366
6744
9408
2155
6491
4531
8223
3440
7245
9256
3063
4602
3788
9895
9870
4689
777
1970
7483
6466
8884
4192
455
7511
1016
8141
1880
2104
2350
7072
4447
2609
1944
3428
6750
506
9520
2901
4387
6663
1876
9910
9947
2271
8548
9001
3385
5315
4825
1750
7902
6830
3014
35
404
2900
4746
497
391
3329
4679
9668
4112
8809
2695
286
1891
6485
9277
752
8969
79
3289
6095
7347
7327
8946
5477
2012
1332
7079
9610
2786
3253
9532
3763
5508
2203
9374
211
3318
8185
9098
6075
7094
211
8913
190
6567
8299
7193
8315
9205
757
3498
517
1152
8834
5252
9239
3056
2304
8770
8580
5891
8733
9959
1176
5143
2187
3491
3835
8181
1419
3899
7454
952
4986
2119
3897
5609
5031
5528
1512
564
6507
27
9542
5653
7999
9003
6509
3133
5118
706
9578
3597
2764
9576
6942
5562
2325
5041
8065
986
1570
2029
2715
4571
5483
3605
4116
3161
3247
2190
3205
9834
1104
5043
8341
340
2286
5142
6189
1175
5984
7997
3486
439
5853
8756
9591
8311
49
4761
5998
6437
4466
1017
226
9846
7788
5857
8238
7155
4259
3422
9686
3799
6283
541
6828
8228
6455
5019
420
1890
7097
8428
7474
1027
1757
7347
5196
425
1997
7895
5760
2680
7234
5829
2208
1936
9362
5386
3769
3744
7156
6188
3164
1933
4545
8496
791
6816
6203
5498
1481
7704
1987
8
5861
1191
9418
1007
2247
218
921
457
5886
1277
4114
1286
1845
756
8522
5024
7713
861
8141
1536
2424
7587
3708
5485
563
5049
5308
9686
8016
4397
3204
7593
8114
2738
4053
1198
3423
7638
518
5870
6071
1702
908
5912
7483
7706
1030
9777
87
6049
1032
4821
6823
1606
1592
7226
9300
677
9425
1977
3735
7062
8294
3431
3118
9134
9730
8533
1819
292
4768
8777
2824
3416
855
3347
4004
1909
6912
7021
2043
6793
4249
1041
4643
5523
1762
1805
6269
4732
2030
5043
9077
4301
1830
6666
6934
7380
7228
2772
7530
6165
9932
6890
4889
6658
1086
6517
4110
2767
8448
400
2877
4766
1000
5748
6817
6405
8143
1766
321
578
2652
7486
6477
4405
3378
7927
9851
9237
1031
4305
6990
335
1792
9778
5164
3710
8721
4586
6781
3892
514
3706
3204
5619
5542
9792
7319
1025
5684
9063
5598
6475
1725
2433
4958
5754
1947
7073
3268
9116
5037
9781
4221
5472
4348
5955
2283
9257
6069
4455
4794
8272
4418
832
7008
7917
4883
1993
7664
8007
8961
8231
6667
6747
7776
58
9186
8760
4889
1543
3334
4124
1827
8265
3028
5477
3979
2863
4439
1456
6538
2529
7070
8507
6334
7780
5439
564
8018
2755
5393
5613
4089
5446
3255
726
465
8767
9875
8731
5134
5309
8639
2985
6850
6852
2622
6820
4999
3486
8015
8220
7357
7918
4269
9513
4179
7565
563
628
7081
6094
9334
196
4659
4858
4231
5790
7929
56
8369
1081
6621
3898
4404
3367
528
7125
5198
2389
6533
6017
4626
2939
7045
5938
6091
1705
4509
6031
4168
7962
6915
2840
6925
233
1917
8416
9030
1768
2731
7011
181
6775
5947
300
9988
9230
8646
3412
8253
7795
88
8342
4367
5344
2869
8517
5866
8446
35
3042
8700
7555
1279
198
4960
6608
2071
1723
8932
9637
8985
28
8087
1321
638
6213
5706
3595
7038
5641
737
2859
4751
5708
3706
7911
8922
3082
6323
7092
3178
9115
5279
8895
9402
3950
2164
9543
3965
9397
6729
6301
5026
6915
2038
9294
2337
3429
4536
2917
7507
6836
2747
7802
1305
7583
1025
212
6737
5425
9505
158
6666
2035
7173
5614
7617
7826
7642
5560
9311
1535
7954
1583
7402
1953
9306
4117
7026
8448
5335
5632
4649
8644
4060
7954
7068
7855
3615
2324
9563
889
8911
5246
5245
4339
7329
800
6599
8813
757
1613
6320
6113
7106
8109
4674
8772
1687
9579
6922
8947
6708
5731
3838
2402
5473
6449
1401
7611
1217
7951
9963
7236
4227
1191
6616
142
4441
3767
2209
9784
4027
6192
9763
3080
4647
9238
3719
4776
8512
8615
2120
8350
1471
4009
8832
7367
4579
4574
4107
167
9008
1590
1290
2868
2739
4930
2205
388
1236
6285
697
7785
1829
2271
4783
8085
4255
9474
7971
8728
1146
8529
917
2218
3841
7036
6735
3601
5510
6882
5944
8932
4211
8543
841
1823
9113
3665
1248
9308
9813
4202
6192
9019
9754
8643
1462
7132
9388
8714
1316
9919
488
1082
4852
9877
9339
6756
6241
7391
8563
8389
5647
35
9056
824
1171
448
2021
8942
3816
6208
7929
7385
2642
7561
1289
2391
5660
99
8553
2348
761
7985
7273
7996
5521
5506
9016
392
4405
5829
3063
134
3507
719
6346
6571
6844
8182
7497
6050
5531
594
5056
1701
2540
9887
9754
8725
5525
8958
8722
3641
7657
4236
3817
253
7767
2473
1747
6564
9655
8396
6847
8704
6797
304
1594
9746
688
5629
5425
5786
7873
7121
2530
2219
9472
7901
8273
7399
3829
3322
4946
5140
9653
83
1910
5046
3534
8237
6464
8248
9509
5415
9159
2926
2992
5739
9069
6349
4873
8216
3674
1061
9075
871
9572
3210
826
7021
2316
2102
9926
6747
6363
3464
3773
1557
3081
6190
3443
1367
7819
3173
7138
5813
2992
7594
9806
6903
9885
8922
3886
8739
4725
2757
4744
3117
7613
7872
1912
3288
2400
6018
244
9819
5281
3519
9571
5755
334
9304
7351
3097
7082
3967
6445
8116
2130
6199
8499
7609
4452
6614
5313
8368
4900
2601
2038
6951
5464
8027
2224
4959
8690
3473
2196
999
6886
1960
9722
7886
2845
6737
1726
9908
7314
3539
2839
7277
4808
8390
3893
9516
8054
8043
4296
7107
1209
227
3975
7116
1006
2827
3883
6778
5926
1695
6312
8565
7910
3961
3903
1168
926
1415
8031
769
4169
7969
25
1179
5476
5329
2870
3162
7304
4627
132
6868
9179
3205
3614
2187
4646
4790
2932
5936
2220
53
9782
3243
3552
2576
7354
4156
6368
8366
3454
4202
6021
7140
7246
2397
748
3271
2483
56
6710
4917
6481
1670
8022
9684
1814
7454
6859
6841
2663
9220
8273
2171
7323
6840
6027
4487
3679
7474
8333
7209
3292
9256
2875
248
7464
2120
5804
7528
9483
3735
858
750
5164
5839
4759
5008
7115
8331
5451
7478
3160
1493
7923
3532
7544
1988
6471
3008
5993
250
6241
2512
7852
8036
6098
4139
4438
3853
2595
2398
290
6914
3189
7578
6327
2612
4158
866
4606
6588
6921
3617
5305
6476
8902
6808
3631
3418
9493
2846
835
94
1893
8036
5935
6664
5096
6894
9579
2784
8575
9674
7553
7678
6007
9244
5806
64
936
3421
9935
8533
3748
6833
5685
5326
5302
2114
350
2782
2844
5203
6702
1454
2222
597
2712
1817
5800
1667
7897
9718
2915
7291
2582
2527
2480
6734
5442
4521
4491
2138
4114
3092
6356
6754
4715
5232
911
4160
4066
6640
2807
63
2209
5267
1934
849
5681
6652
251
6056
8282
7906
4366
5334
9907
5726
6302
5157
9394
2736
8229
6629
7189
1054
7902
7715
1436
8492
5008
5835
1411
6161
8461
7301
4208
3236
7625
9548
3206
7368
4681
974
1781
4130
963
3809
1275
9872
6407
6618
299
8140
3806
7612
5660
3397
9890
1475
3482
5890
7089
2428
382
3632
6442
1263
8626
8804
3555
5372
5288
9576
3947
5986
6349
9030
9950
9749
6648
5900
2393
8271
2704
3802
4603
8632
7936
2591
3453
308
865
3754
6103
3247
9528
1756
3340
6334
770
3056
9539
9008
428
1352
1354
7116
1532
8125
9704
9014
1048
3895
7114
7340
1072
9631
3652
9345
7337
5475
1295
6266
7415
270
5165
2804
9610
1450
9896
1858
6165
2979
4141
5990
1285
1088
5043
522
9628
7372
3898
5364
7980
3253
1298
4271
6613
3595
4955
2508
7477
2065
6726
5367
7950
7117
305
5323
7481
4915
3053
5904
5897
6327
1490
3122
4103
9184
616
1884
7679
4800
5849
4712
6517
8556
8532
6448
9072
193
1059
5570
9435
5583
4630
482
2885
5611
3953
790
7988
5411
3775
1078
1901
1204
786
1255
1011
9627
3237
766
8060
6396
685
3796
1922
4621
7431
2586
3190
4859
2996
7419
3072
6878
4482
8755
424
6121
4665
2388
4249
1662
7496
1903
7070
1116
7678
4694
3422
7166
84
43
5389
5739
3248
7329
1702
4636
4785
1125
6566
7709
8941
9398
696
9994
7649
2291
1691
9310
3477
2126
7327
1258
9089
8328
3164
8687
2092
6341
3670
7837
25
2636
3498
875
5745
6060
4451
6990
666
9349
5416
2076
4928
3321
5292
9170
6484
2756
1310
8040
1069
6848
4956
7743
8062
7386
1476
5969
3968
4554
9268
5242
9605
3269
9073
4134
8289
8676
6764
7733
7636
3933
1899
643
7045
6626
7695
8878
8275
7138
7782
2738
8235
992
7237
9494
4152
9595
5587
707
6033
5562
987
3438
3642
3946
714
4948
7272
6898
7751
8202
564
1484
4526
5665
1618
1479
8644
5763
6375
1476
7962
6104
8593
8866
4051
5855
7558
8334
1624
9408
4225
7158
1303
4526
128
266
6227
6506
5864
2017
2011
6330
2375
134
7476
8756
9276
658
4416
8171
3975
2
243
3962
5751
6207
1877
1843
3312
5180
6619
9741
8751
3825
8229
5616
9194
8606
6733
7472
2760
3918
7881
1023
7376
1471
4429
4403
3138
4736
1785
7024
5069
8826
4750
4158
498
5733
6954
2234
2113
3502
2602
9587
2426
6345
7866
5763
9681
373
8813
3251
8071
3899
1429
7880
1854
8493
4165
882
8733
4697
5339
3990
5936
8397
2527
5286
7355
220
3356
5432
8900
2649
4603
4854
7222
1931
9131
8288
7540
6938
1594
2449
8096
2313
7805
4498
8458
7360
5942
5566
1991
9325
5893
8971
1943
9412
7208
8236
9049
9145
6139
7398
6684
5697
9771
6415
2494
3978
3183
5329
7286
6448
4289
2290
8823
8978
1705
9982
804
2576
2380
1352
5720
1315
516
3475
6772
1657
6231
6822
2808
8126
2789
2496
7605
4831
1357
9889
9155
3185
5213
674
9061
5355
5660
3304
2598
8694
3310
9275
2460
2276
2684
3232
1441
6319
7515
325
1687
974
6611
1884
8537
6846
7550
6259
2080
7183
3014
5480
1829
5216
8657
2680
8614
8279
9494
7048
5246
9528
208
7174
4015
5039
4843
9172
7742
6293
80
1727
9342
5819
4720
8222
6296
6077
2039
1968
7171
6036
591
6613
9174
7305
1135
9654
5790
4249
4976
7689
5948
2481
3594
9307
6520
5897
9067
1474
5180
9871
6618
1073
8505
24
5230
7412
7944
4349
7685
856
2606
2809
5788
6042
5000
6479
7952
9430
5909
8447
496
9399
8836
1161
7829
5293
7631
8082
8840
6772
3451
1455
8329
5859
9228
8581
6652
7983
8779
4871
5819
4573
3541
5411
6881
9146
7344
8729
1986
4390
45
2612
3280
1593
6146
8845
668
1530
1738
9866
4779
9325
9794
8726
1388
8690
8274
7025
9188
597
425
3145
1157
3785
8373
4095
5810
4084
965
7708
3914
5505
3831
2671
2089
288
4667
5939
2094
6104
5086
80
3591
7181
8388
4940
3210
5680
7955
6634
5521
2350
6189
3059
4290
8809
3511
5562
7046
2030
1512
6658
8280
605
1808
5560
7323
7208
5493
6125
7630
312
1300
5338
7413
5017
1320
2385
4287
9028
4987
9811
8807
8900
5612
6311
5319
250
1101
1061
7065
4412
2631
1683
5328
2758
2647
9544
1910
8917
8055
841
1500
1468
3689
4517
1227
22
3345
5071
7755
6130
5984
3542
62
4216
2691
4150
3803
2185
6804
4122
2947
611
7323
4222
5885
8200
4335
5223
5324
7097
2117
7681
8213
7073
8802
4054
5584
5780
4016
4274
9281
7037
1555
95
6116
6186
8931
510
9664
8207
510
1154
204
4423
2304
5269
5120
2662
4646
601
4636
6488
8336
1473
3124
1778
3625
6843
6425
6888
5014
7139
6971
3434
1019
28
206
6265
6730
5334
5499
2990
531
6911
9647
8562
5543
1487
9350
3344
393
190
4062
5909
9496
6271
8935
4084
8895
7218
1908
8650
3825
631
4188
3087
4873
1666
789
3251
4027
5086
2130
4015
3364
9503
9414
3021
6986
2221
4571
3715
189
5975
3034
2102
4339
9612
334
7633
2871
1579
7158
5555
3787
119
7798
1543
7109
3064
8808
1084
2250
4201
7099
8380
5234
4927
2503
4356
6143
8260
6742
3628
2643
7393
8909
4078
8035
2275
5109
5944
4407
7667
3351
3784
9038
6841
3078
5250
8963
8674
5783
1639
9465
8820
51
3279
4118
2676
2469
1896
8794
1375
8378
4185
3332
7730
6374
5321
8675
3479
309
1042
2219
2058
2602
5285
2058
878
2309
8133
6137
3364
4363
8392
1976
6323
7185
3719
4382
7386
5304
5802
2668
1661
1680
431
437
9750
8086
7334
1449
5382
5775
491
3961
5752
1259
102
701
1033
6996
8698
3450
8939
7125
6947
36
3955
1018
8247
8251
5409
1704
669
1428
1400
896
6816
7331
140
4133
7679
220
9652
2776
8578
4549
3499
3827
9224
2438
5492
9586
6136
2076
9563
833
4799
7576
9736
7065
6625
4333
7594
5737
8811
8023
58
2036
7135
8810
2557
4165
4812
5710
2588
7325
4859
399
6844
291
4813
6722
1263
5245
9569
8155
5776
5947
8741
8506
2083
5785
1275
294
9799
9781
2141
4888
5415
6544
5392
2927
777
7667
2343
6695
3346
6422
6975
2622
9282
6394
8160
5943
4307
3916
3893
6261
6014
5247
4058
4897
4102
8558
4308
1481
4198
6707
3831
7009
7640
6159
4298
7039
1987
7360
5932
2438
9038
7187
1439
6461
6947
2120
852
7714
1533
4575
2099
3744
5756
6364
7197
1551
1648
4830
2224
4221
3649
4647
718
9323
8119
7975
6159
1044
7456
8997
2914
247
7736
93
409
9581
5992
7794
5439
3698
1662
911
5602
6607
7199
1324
6845
9949
506
3937
4838
4065
568
8494
8767
268
5763
8282
9473
9028
2777
9880
466
8599
6456
5258
6086
9221
4451
7066
3305
5120
8562
9452
1882
8860
2573
2047
2510
2854
5752
6025
2846
1687
5948
8379
693
6162
2822
3016
9958
2613
9219
196
7318
6163
9594
7778
4768
1734
6298
5937
7843
9651
8078
9102
3067
4120
4211
6974
6105
2064
7880
4918
4918
1375
4147
8019
7514
1498
8981
2206
2319
4007
2893
4064
8516
17
8986
1016
8450
8388
5896
8512
2654
6286
7117
109
4168
7475
4603
9583
7059
2670
4534
1162
3438
8053
9641
4981
2932
9587
2807
3833
5281
82
5688
1433
83
2684
5638
4589
2320
460
7966
7971
8082
6615
7953
4377
1254
3166
2885
2680
5752
3213
5752
3947
2060
1327
7761
7258
1885
52
4293
5676
8800
406
1944
6730
4289
2455
2168
8720
3391
6345
9233
1892
9053
6922
6017
4460
4766
2771
4417
5591
8335
9081
9846
6685
5113
4036
9793
4228
5603
4560
4896
5366
328
255
2072
9909
4407
462
7195
8239
503
5423
6318
2393
6257
3380
2448
2735
2335
9877
4680
6776
273
6410
7813
7910
6040
5172
6245
4388
1711
9902
9644
388
5534
1167
5138
9974
1970
4198
4304
3407
7911
206
5863
2196
559
7579
603
4686
8786
5732
2868
7982
9955
7055
9722
7432
351
6834
1850
9552
710
2484
6852
7695
6284
745
5993
336
1099
4405
9378
375
8643
9409
1588
2204
1849
8446
6000
6805
2465
9769
6331
3963
3551
8750
5500
9420
3267
716
75
4329
5703
4036
148
9809
9262
4194
1518
7888
2839
9637
3752
4508
3373
1295
1095
1537
4311
6503
7162
6368
1082
1695
9788
151
8078
3672
4892
3156
5239
8926
6786
2215
7842
7508
1758
3974
4188
6759
5718
8601
6865
2097
8677
4231
138
5117
9001
3105
8125
4230
3575
3777
7542
9194
6264
4644
1807
1594
6704
519
8494
1086
3119
1483
7686
6611
5798
2260
794
8360
3919
1474
5447
7753
9639
6158
4475
9012
6080
6114
791
4883
1845
8342
3453
5969
8923
5217
5837
2784
7741
2081
7783
9995
5035
1022
2843
6802
8272
9692
6581
349
6591
7747
5467
5402
2263
97
3249
2619
8911
6031
7674
7511
4344
8704
9547
4241
9895
5167
8215
1920
6442
6480
7987
4804
5062
5734
2803
4207
6937
3592
7488
1916
2814
5377
2338
4766
9941
4531
7030
198
3723
805
7324
7193
7128
7216
6195
878
9288
3280
7877
8855
6984
6410
7908
4282
1083
9162
8889
96
3094
8093
4659
6088
9878
4708
657
1134
2493
4232
6678
4236
2900
4977
954
5264
2321
7855
2818
373
4988
4642
5701
7927
2247
4134
1078
5599
2575
350
2416
811
1588
6905
9413
4805
4895
5622
9871
7080
1302
9560
691
1980
500
1611
601
1613
8407
7049
8548
1998
6725
2609
7520
1218
519
7825
8385
8938
7265
9517
5679
7949
1014
5493
903
2122
5910
149
4224
1683
4438
8854
271
7212
582
3189
21
7139
9596
4657
8357
8460
5254
5801
944
5408
9886
6328
389
942
6863
110
2896
6886
6822
7637
1296
7054
312
6122
7178
8150
8346
745
3025
4751
3576
2608
6217
1540
2405
542
8499
7037
1231
8990
4539
8486
4134
7721
7844
8350
3863
4942
8833
4330
4536
5084
3159
3314
1118
8087
7470
4875
1892
9623
9691
7140
8527
8343
4430
5003
3160
4546
310
2239
615
8692
4760
2943
1562
3323
3416
6186
9518
1175
3480
7488
6583
4000
1686
8156
9091
6395
8087
3007
3747
6554
49
8465
3215
9172
7989
461
9667
1436
5043
2858
842
7021
7263
7129
7710
880
9536
1764
6515
2581
3904
8444
120
8479
5327
2396
3706
2972
820
5441
2227
9658
5840
5730
9291
763
8507
6268
9711
9572
9131
982
8805
3752
5199
333
2108
7923
8344
3578
6739
8628
2955
9290
277
1346
7864
7195
8338
6049
7559
9513
972
4089
3965
2804
3886
1392
1216
8370
3030
2877
8670
1561
5617
7984
7145
2900
6352
8301
5114
2816
1314
1807
6490
2483
1936
6472
9779
485
1232
4322
471
3306
7283
3175
8569
9843
7073
5796
6798
7199
0
6346
3191
8475
5682
9754
1923
6269
2488
8149
3520
3068
371
3735
6253
8417
1317
8985
3542
2326
2521
6196
687
4230
1736
1266
1330
1709
1740
9532
1531
6556
9847
4814
4599
1686
4463
1461
9110
5144
2119
3761
1759
5090
1791
2735
3151
6661
1143
2903
8614
8451
5984
620
2000
8403
4858
8778
3209
8897
7160
7527
9231
8601
1968
3315
7170
4479
3850
5968
4811
72
9446
3142
8110
8935
9742
1855
3341
4800
3079
2072
2000
1498
5952
5848
5905
8285
1743
4265
2447
5421
5502
8179
54
2513
7043
9014
339
7030
19
3386
5780
5852
4918
5655
7318
780
3734
4656
6774
3886
5212
8014
2660
4171
6044
9944
810
4660
5350
5597
5740
7909
3291
9836
913
260
9620
6816
4973
4336
7202
6937
3488
1419
1411
3102
8393
1770
2647
9271
2221
9736
3939
759
2357
4880
3581
5184
7784
7950
4611
7424
1166
7160
8708
1219
7599
4407
8694
8562
7396
1902
1969
8403
7526
6889
744
7992
8896
3945
1554
6668
9030
3428
1212
6452
168
2292
9027
4608
6608
2897
1623
750
6591
9025
2486
265
1298
4478
2772
6237
8274
9330
6425
2991
9392
8905
8611
5040
4795
5795
3244
2027
8359
3275
8253
8425
58
8339
8128
6060
5296
9012
4768
1671
1004
1671
8509
8717
687
2350
5345
6910
4095
3846
8178
4887
8737
8654
77
9053
3375
5336
1411
3978
2140
3132
2995
5910
5092
7596
7304
8556
6560
3584
4239
3603
4526
1570
655
9041
4713
4534
7527
2809
4576
435
3729
110
6345
2711
7555
7492
6286
7321
1122
918
2749
1859
3843
2738
3544
6363
6865
6715
6384
6433
6728
3231
3995
4866
1670
8632
649
7772
4475
8916
8910
7494
5442
7127
6971
7457
1107
9413
7588
8283
5603
721
3193
4231
251
3311
8186
5558
1115
7677
1205
4509
4277
4070
5724
8472
8942
3436
6105
2242
4057
5908
3220
9187
3185
3402
5937
3828
6606
9786
961
4832
5281
2130
7191
984
8870
4986
4764
8703
8258
2982
486
4484
1535
7121
8965
1224
5312
3620
5347
5205
1736
2594
7525
2656
7996
7353
5114
8379
3140
7678
8978
6447
2415
1264
3302
2451
7677
1169
3329
2789
3376
3023
2599
4164
58
3098
3068
3778
657
2582
6985
4692
5161
9820
6238
5523
376
7280
8289
4093
7518
584
496
598
4215
7944
2158
2580
820
1040
3787
5876
527
5998
5352
9454
2155
8657
7703
916
7126
4148
80
993
2910
7218
7995
9121
1363
829
5307
3301
9254
7489
8212
2475
6692
4297
5890
1958
160
5388
2080
2496
355
1937
1865
2930
9231
3392
4209
7928
9522
8265
1968
785
588
1506
2274
3000
3883
5923
241
1772
4645
820
2541
4598
8623
4055
1575
9730
5327
5408
5210
7046
2641
4790
3212
1422
2380
7648
7795
3328
3417
9189
1127
7882
1858
9920
3877
7456
9469
6114
1163
5114
6624
353
3362
544
6839
881
381
9236
7248
5250
2955
3743
2684
3608
2852
5608
8019
3893
1256
6149
8592
2979
4606
9757
5061
5761
9216
9776
2173
4811
8490
6368
5742
8929
5199
3945
7882
2107
6384
8495
1118
8018
7190
6140
4959
9819
4429
5951
2215
4694
1130
4132
8153
2448
8232
6181
5495
8022
7470
8385
4563
6168
8912
1858
8853
5091
8171
3256
4564
3665
9650
8336
3324
4196
2414
9185
1463
5804
3608
8489
3869
7069
1998
8056
2989
9083
1613
5362
2264
9551
8407
5210
1983
64
7247
6443
6666
6618
1234
8275
8203
1696
5198
8064
5162
8235
7775
1832
7386
7594
4343
447
4195
8293
6170
7601
6036
2081
1280
9058
6073
7842
8123
5838
2550
4493
8289
397
3370
1358
772
2443
9977
6404
8704
7817
1483
8805
1866
1771
7835
2359
2215
8475
8531
2060
5209
3292
6364
1559
8467
8922
7024
7224
6574
2526
8666
4002
300
6844
1122
6124
6827
8770
4882
7367
809
9159
2786
4306
338
9686
4835
8045
7801
5809
1190
3569
9454
735
1257
468
6207
3958
113
2395
131
6288
2955
6256
649
981
2728
3073
3574
694
2305
